,A,C,D,E,F,G,H,I,K,L,M,N,P,Q,R,S,T,V,W,Y
A,8,4,2,3,2,4,2,3,3,3,3,2,3,3,3,5,4,4,1,2
C,4,13,1,0,2,1,1,3,1,3,3,1,1,1,1,3,3,3,2,2
D,2,1,10,6,1,3,3,1,3,0,1,5,3,4,2,4,3,1,0,1
E,3,0,6,9,1,2,4,1,5,1,2,4,3,6,4,4,3,2,1,2
F,2,2,1,1,10,1,3,4,1,4,4,1,0,1,1,2,2,3,5,7
G,4,1,3,2,1,10,2,0,2,0,1,4,2,2,2,4,2,1,2,1
H,2,1,3,4,3,2,12,1,3,1,2,5,2,4,4,3,2,1,2,6
I,3,3,1,1,4,0,1,8,1,6,5,1,1,1,1,2,3,7,1,3
K,3,1,3,5,1,2,3,1,9,2,3,4,3,5,6,4,3,2,1,2
L,3,3,0,1,4,0,1,6,2,8,6,1,1,2,2,2,3,5,2,3
M,3,3,1,2,4,1,2,5,3,6,9,2,2,4,3,3,3,5,3,3
N,2,1,5,4,1,4,5,1,4,1,2,10,2,4,4,5,4,1,0,2
P,3,1,3,3,0,2,2,1,3,1,2,2,11,3,2,3,3,2,0,1
Q,3,1,4,6,1,2,4,1,5,2,4,4,3,9,5,4,3,2,2,3
R,3,1,2,4,1,2,4,1,6,2,3,4,2,5,9,3,3,1,1,2
S,5,3,4,4,2,4,3,2,4,2,3,5,3,4,3,8,5,2,1,2
T,4,3,3,3,2,2,2,3,3,3,3,4,3,3,3,5,9,4,2,2
V,4,3,1,2,3,1,1,7,2,5,5,1,2,2,1,2,4,8,1,3
W,1,2,0,1,5,2,2,1,1,2,3,0,0,2,1,1,2,1,11,6
Y,2,2,1,2,7,1,6,3,2,3,3,2,1,3,2,2,2,3,6,11
