,A,C,D,E,F,G,H,I,K,L,M,N,P,Q,R,S,T,V,W,Y
A,10,4,3,4,3,5,3,4,4,4,4,4,4,4,3,6,5,5,3,3
C,4,17,2,2,3,2,2,2,2,3,3,3,1,2,2,4,4,4,0,2
D,3,2,12,7,1,4,5,1,5,2,2,7,4,5,4,5,4,2,1,3
E,4,2,7,11,2,3,5,2,6,3,3,5,5,7,5,5,4,2,2,3
F,3,3,1,2,13,2,3,5,2,6,5,3,2,1,3,3,4,5,6,8
G,5,2,4,3,2,12,3,1,3,2,3,5,3,3,3,5,3,2,3,2
H,3,2,5,5,3,3,15,2,4,3,5,6,3,6,5,4,3,2,2,7
I,4,2,1,2,5,1,2,10,2,7,7,3,3,3,2,3,4,8,3,5
K,4,2,5,6,2,3,4,2,10,2,4,5,4,6,8,4,4,3,3,4
L,4,3,2,3,6,2,3,7,2,10,7,2,2,3,3,2,4,6,3,5
M,4,3,2,3,5,3,5,7,4,7,11,3,3,5,4,3,4,6,3,5
N,4,3,7,5,3,5,6,3,5,2,3,11,3,5,5,6,5,2,1,3
P,4,1,4,5,2,3,3,3,4,2,3,3,14,4,3,4,4,2,2,2
Q,4,2,5,7,1,3,6,3,6,3,5,5,4,11,6,5,4,2,3,4
R,3,2,4,5,3,3,5,2,8,3,4,5,3,6,12,4,4,3,3,4
S,6,4,5,5,3,5,4,3,4,2,3,6,4,5,4,9,7,4,1,3
T,5,4,4,4,4,3,3,4,4,4,4,5,4,4,4,7,10,5,2,4
V,5,4,2,2,5,2,2,8,3,6,6,2,2,2,3,4,5,10,2,4
W,3,0,1,2,6,3,2,3,3,3,3,1,2,3,3,1,2,2,20,8
Y,3,2,3,3,8,2,7,5,4,5,5,3,2,4,4,3,4,4,8,13
