
Last position-specific scoring matrix computed, weighted observed percentages rounded down, information per position, and relative weight of gapless real matches to pseudocounts
            A   R   N   D   C   Q   E   G   H   I   L   K   M   F   P   S   T   W   Y   V   A   R   N   D   C   Q   E   G   H   I   L   K   M   F   P   S   T   W   Y   V
    1 M    -2  -2  -3  -4  -2  -1  -3  -4  -2   1   2  -2   8  -1  -3  -2  -1  -2  -2   0    0   0   0   0   0   0   0   0   0   0   0   0 100   0   0   0   0   0   0   0  0.90 0.12
    2 K    -1   2   0  -1  -4   1   0  -2  -1  -3  -3   6  -2  -4  -2  -1  -1  -4  -2  -3    0   0   1   0   0   1   0   0   0   0   0  97   0   0   0   0   1   0   0   0  0.75 0.09
    3 N    -2  -1   7   1  -3  -1  -1  -1   0  -4  -4  -1  -3  -4  -3   0   0  -4  -3  -3    0   0  95   1   0   0   0   0   0   0   0   1   0   0   0   0   4   0   0   0  0.99 0.09
    4 V    -1  -3  -3  -4  -1  -3  -3  -2  -4   3   1  -3   1  -1  -3  -2  -1  -3  -2   4    0   0   0   0   0   0   0   3   0  12   8   0   0   0   0   0   0   0   0  77  0.42 0.06
    5 T     0  -2  -1  -2  -1  -1  -1  -2  -2  -1  -2  -1  -1  -3  -2   1   6  -3  -2  -1    1   0   0   0   0   0   0   0   0   0   0   0   0   0   0   0  99   0   0   0  0.76 0.10
    6 D    -2  -2   1   7  -4  -1   1  -2  -2  -4  -4  -1  -4  -4  -2  -1  -2  -5  -4  -4    0   0   0  99   0   0   1   0   0   0   0   0   0   0   0   0   0   0   0   0  1.21 0.09
    7 S     1  -1   0  -1  -1  -1  -1  -1  -1  -3  -3  -1  -2  -2   0   5   1  -3  -2  -2    0   0   0   0   0   0   0   0   0   0   0   0   0   1   3  96   0   0   0   0  0.63 0.09
    8 F    -3  -4  -4  -4  -3  -4  -4  -4  -2  -1   0  -4   0   7  -4  -3  -3   0   3  -1    0   0   0   0   0   0   0   0   0   0   0   0   0  98   0   0   0   0   0   2  1.09 0.10
    9 L    -1  -3  -4  -4  -1  -3  -3  -4  -4   2   2  -3   1  -1  -2  -2  -1  -3  -2   4    1   0   0   0   0   0   0   0   0   4  21   0   0   0   1   0   0   0   0  73  0.42 0.06
   10 S     0  -2   0  -1   2  -1  -1  -1  -1  -2  -2  -1  -2   1  -2   5   1  -2   0  -2    0   0   0   0   5   0   0   0   0   0   1   0   0   9   0  82   0   0   4   0  0.44 0.07
   11 L    -2  -3  -4  -4  -2  -3  -3  -4  -3   1   4  -3   2   1  -2  -3  -2   1  -1   0    0   0   0   0   0   0   0   0   0   0  89   0   0   6   1   1   0   2   0   1  0.53 0.06
   12 G     0  -3  -1  -1  -3  -2  -2   6  -3  -3  -4  -2  -3  -3  -3   0  -2  -3  -3  -2    0   0   0   3   0   0   0  87   0   1   0   0   0   1   0   4   0   0   0   4  0.97 0.07
   13 H    -2  -1   0  -2  -2   0  -1  -3   8  -3  -3  -2  -2   1  -3  -2  -2  -1   5  -3    0   0   1   0   1   1   0   0  66   0   0   0   0   1   0   0   0   0  31   0  0.99 0.09
   14 W    -4  -2  -5  -5  -3  -3  -4  -3  -3  -4  -3  -4  -2   0  -5  -4  -3  12   2  -4    0   2   0   0   0   0   0   0   0   0   0   0   0   0   0   0   0  98   0   0  2.88 0.15
   15 P    -1  -3  -2  -2  -3  -2  -2  -3  -3  -3  -4  -2  -3  -4   8   0  -1  -4  -4  -3    2   0   0   0   0   0   0   0   0   0   0   0   0   0  92   5   1   0   0   0  2.01 0.10
   16 F     0  -2   0  -1  -1  -1  -1  -1  -1  -2  -2  -1  -2   3  -1   4   1  -2   0  -2    0   0   0   0   1   0   0   0   0   0   1   0   0  18   1  78   0   0   2   0  0.42 0.07
   17 A     5  -2  -2  -2  -1  -1  -1   0  -2  -2  -2  -1  -1  -3  -1   1   0  -3  -2  -1   98   0   0   1   0   0   0   0   0   0   0   0   0   0   0   0   0   0   0   1  0.60 0.08
   18 G     0  -2  -1  -2  -3  -2  -2   6  -3  -4  -4  -2  -3  -4  -3  -1  -2  -3  -4  -4    0   1   0   0   0   0   3  96   0   0   0   0   0   0   0   0   0   0   0   0  1.18 0.08
   19 S     1  -1   0  -1  -1  -1  -1   0  -1  -3  -3  -1  -2  -3  -1   5   1  -3  -2  -2    0   0   0   0   0   0   0   4   0   0   0   0   0   0   0  96   0   0   0   0  0.64 0.09
   20 F    -3  -4  -4  -4  -3  -4  -4  -4  -2  -1   0  -4   0   8  -4  -3  -3   0   3  -1    0   0   0   0   0   0   0   0   0   0   1   0   0  99   0   0   0   0   0   0  1.12 0.10
   21 G     0  -2  -1  -2  -3  -2  -3   6  -3  -5  -4  -2  -3  -4  -3  -1  -2  -3  -4  -4    0   1   0   0   0   0   0  99   0   0   0   0   0   0   0   0   0   0   0   0  1.25 0.08
   22 F    -3  -3  -4  -4  -3  -4  -4  -4  -2  -1   0  -4   0   7  -4  -3  -3   0   3  -1    0   0   0   0   0   0   0   0   0   0   5   0   0  93   0   0   0   0   0   0  0.98 0.09
   23 F     0   0   0   0   0   0   0   0   0   0   0   0   0   0   0   0   0   0   0   0    8   5   4   5   2   4   6   7   2   5   9   6   2   4   5   7   6   1   3   9  0.01 0.00
   24 N    -2  -1   7   1  -3  -1  -1  -1   0  -4  -4  -1  -3  -4  -3   0  -1  -5  -3  -4    0   0  99   1   0   0   0   0   0   0   0   0   0   0   0   0   0   0   0   0  1.06 0.10
   25 T    -1  -2  -1  -2  -1  -1  -1  -2  -2  -1  -2  -1  -1  -3  -2   1   6  -3  -2  -1    0   0   0   0   0   0   0   0   0   1   0   0   0   0   0   0  99   0   0   0  0.75 0.09
   26 D    -2  -2   1   7  -4  -1   1  -2  -2  -4  -4  -1  -4  -4  -2  -1  -2  -5  -4  -4    0   0   0 100   0   0   0   0   0   0   0   0   0   0   0   0   0   0   0   0  1.23 0.09
   27 I    -2  -4  -4  -4  -2  -3  -4  -5  -4   6   1  -3   1  -1  -3  -3  -1  -3  -2   2    0   0   0   0   0   0   0   0   0 100   0   0   0   0   0   0   0   0   0   0  0.67 0.09
   28 L    -2  -3  -4  -4  -2  -3  -4  -4  -3   1   5  -3   2   2  -4  -3  -2  -2  -1   0    0   0   0   0   0   0   0   0   0   0  93   0   0   7   0   0   0   0   0   0  0.59 0.06
   29 S     5  -2  -2  -2  -1  -1  -1   0  -2  -2  -2  -1  -1  -3  -1   1   0  -3  -2  -1   93   0   0   0   0   0   0   0   0   0   0   0   0   0   0   7   0   0   0   0  0.57 0.07
   30 T    -1  -2  -1  -2  -1  -1  -1  -2  -2  -1  -2  -1  -1  -3  -2   1   6  -3  -2  -1    0   0   0   0   0   0   0   0   0   0   0   0   0   0   0   0 100   0   0   0  0.77 0.10
   31 N    -2  -1   7   1  -3  -1  -1  -1   0  -4  -4  -1  -3  -4  -3   0  -1  -5  -3  -4    0   0 100   0   0   0   0   0   0   0   0   0   0   0   0   0   0   0   0   0  1.08 0.10
   32 L    -2  -3  -3  -3  -3  -2  -2  -3  -3  -1   2  -2  -1  -2   7  -2  -2  -4  -3  -1    0   0   0   0   0   0   0   0   0   1  31   0   0   0  68   0   0   0   0   0  1.29 0.07
   33 I    -2  -4  -4  -4  -2  -3  -4  -5  -4   6   1  -3   1  -1  -3  -3  -1  -3  -2   2    0   0   0   0   0   0   0   0   0 100   0   0   0   0   0   0   0   0   0   0  0.67 0.09
   34 N    -2  -1   7   1  -3  -1  -1  -1   0  -4  -4  -1  -3  -4  -3   0  -1  -5  -3  -4    0   0 100   0   0   0   0   0   0   0   0   0   0   0   0   0   0   0   0   0  1.08 0.10
   35 L    -2  -3  -4  -4  -2  -3  -4  -4  -3   1   5  -3   2   0  -4  -3  -2  -2  -2   1    0   0   0   0   0   0   0   0   0   1  99   0   0   0   0   0   0   0   0   0  0.64 0.07
   36 S     1  -1   0  -1  -1  -1  -1  -1  -1  -3  -3  -1  -2  -3  -1   5   1  -3  -2  -2    0   0   0   0   0   0   0   0   0   1   0   0   0   0   0  98   1   0   0   0  0.66 0.09
   37 V    -1  -3  -4  -4  -1  -3  -3  -4  -4   3   1  -3   0  -1  -3  -2  -1  -3  -2   5    0   0   0   0   0   0   0   0   0   3   1   0   0   0   0   0   0   0   0  95  0.56 0.08
   38 V    -1  -3  -4  -4  -1  -3  -3  -4  -4   2   0  -3   0  -1  -3  -2  -1  -4  -2   5    0   0   0   0   0   0   0   0   0   0   0   0   0   0   0   0   0   0   0 100  0.59 0.08
   39 L    -2  -3  -4  -4  -2  -3  -3  -4  -3   2   4  -3   2   1  -3  -3  -1  -2  -1   1    0   0   0   0   0   0   0   0   0  17  75   0   0   4   0   0   0   0   0   2  0.46 0.05
   40 G     0  -3  -1  -2  -3  -2  -3   6  -3  -4  -4  -2  -3  -4  -3  -1  -2  -3  -4  -4    0   0   0   0   0   0   0  97   0   0   0   0   0   0   0   0   0   0   0   0  1.20 0.08
   41 V    -1  -3  -3  -4  -1  -3  -3  -4  -4   3   1  -3   0  -1  -3  -2   0  -3  -2   5    0   0   0   0   0   0   0   0   0   4   1   0   0   0   0   0   0   0   0  93  0.52 0.07
   42 L    -2  -3  -4  -4  -2  -3  -3  -4  -3   1   5  -3   2   0  -3  -3  -2  -2  -1   0    0   0   0   0   0   0   0   0   0   0  97   0   0   0   0   0   0   0   0   0  0.60 0.07
   43 I    -2  -3  -4  -4  -2  -3  -4  -4  -4   5   1  -3   1  -1  -3  -3  -1  -3  -2   2    0   0   0   0   0   0   0   0   0  88   3   0   0   0   0   0   2   0   0   5  0.54 0.07
   44 F    -3  -3  -4  -4  -3  -4  -4  -4  -2  -1   0  -4   0   7  -4  -3  -3   0   3  -1    0   0   0   0   0   0   0   0   0   0   0   0   0  97   0   0   0   0   0   0  1.06 0.09
   45 F    -3  -3  -4  -4  -3  -4  -4  -4  -2  -1   0  -4   0   7  -4  -3  -3   0   3  -1    0   0   0   0   0   0   0   0   0   0   0   0   0  97   0   0   0   0   0   0  1.06 0.09
   46 G     0  -3  -1  -2  -3  -2  -3   6  -3  -4  -4  -2  -3  -4  -3  -1  -2  -3  -4  -4    0   0   0   0   0   0   0  97   0   0   0   0   0   0   0   0   0   0   0   0  1.20 0.08
   47 K    -1   2  -1  -1  -4   1   0  -2  -1  -3  -3   6  -2  -4  -2  -1  -1  -4  -2  -3    0   0   0   0   0   0   0   0   0   0   0  97   0   0   0   0   0   0   0   0  0.75 0.09
   48 G     0  -3  -1  -2  -3  -2  -3   6  -3  -4  -4  -2  -3  -4  -3  -1  -2  -3  -4  -4    0   0   0   0   0   0   0  97   0   0   0   0   0   0   0   0   0   0   0   0  1.20 0.08
   49 V    -1  -3  -3  -4  -1  -3  -3  -4  -4   2   0  -3   0  -1  -3  -2   0  -3  -2   5    0   0   0   0   0   0   0   0   0   0   0   0   0   0   0   0   0   0   0  97  0.54 0.08
   50 C     0  -1  -1  -1   7  -1  -1  -1  -1  -1  -1  -1  -1  -1  -1  -1  -1   0  -1   0    4   3   2   3  47   2   3   4   1   2   4   3   1   3   2   3   3   2   3   6  0.41 0.02
   51 A     2  -1  -1  -1  -1   0   0   0  -1   0   0  -1   0  -1   0   0   0   2  -1   0   38   3   3   4   1   2   3   4   1   3   7   3   1   3   3   4   3   4   2   9  0.08 0.01
   52 S     0  -1   0   0  -1   0   0   1  -1  -1  -1   0  -1   0   0   2   0   0  -1  -1    4   3   3   3   1   2   3  14   1   3   6   3   1   4   3  36   3   1   2   4  0.12 0.01
   53 C     0  -1  -1  -1   7  -1  -1   0  -1  -1   0  -1  -1  -1  -1   0   0   0  -1  -1    4   3   2   3  40   2   3   6   1   3   8   5   1   2   3   4   3   1   2   3  0.29 0.02
   54 L    -1  -1  -1  -1  -1  -1  -1  -1  -1   1   2   0   1   0  -1   0   0  -1   0   0    4   3   2   3   1   2   3   5   1   4  41   5   1   5   3   7   3   1   2   3  0.05 0.01
   55 L    -2  -3  -3  -4  -2  -2  -3  -2  -3   1   4  -3   2   0  -3  -2  -1  -2  -1   1    0   0   0   0   0   0   0   3   0   2  82   0   1   2   0   1   0   0   0   8  0.44 0.05
   56 S     0   0   2   0  -2   0  -1  -1  -1  -3  -2   0  -2  -3  -1   4   1   1  -2  -2    0   2  13   0   0   2   0   1   0   0   3   1   0   0   0  74   1   2   0   0  0.43 0.06
   57 D    -2  -1   1   6  -4  -1   1  -1  -2  -3  -3  -1  -3  -4  -2   0  -1   1  -3  -3    0   1   2  83   0   0   2   2   0   0   1   3   0   0   0   2   0   3   0   1  0.88 0.07
   58 L    -2  -2  -3  -3  -2  -2  -3  -4  -3   1   4  -1   2   1  -3  -2  -2   0  -1   0    0   0   0   1   0   0   0   0   0   0  87   5   0   3   0   1   0   1   0   0  0.45 0.06
   59 L    -2  -3  -4  -3  -2  -3  -3  -4  -3   1   4  -3   2   1  -3  -3  -1  -1  -1   0    0   0   0   1   0   0   1   0   0   1  90   0   0   5   0   0   1   1   0   0  0.52 0.06
   60 D    -2  -2   1   6  -2  -1   1  -1  -1  -3  -3  -1  -3  -4  -2   0  -1  -5  -3  -3    0   0   2  88   1   0   1   1   1   0   3   1   0   0   0   3   0   0   0   0  0.95 0.08
   61 N    -2  -1   7   1  -3   0   0  -1   0  -4  -4   0  -3  -4  -3   0  -1  -4  -3  -4    0   0  94   2   0   0   2   0   0   0   0   1   0   0   0   0   0   0   0   0  0.97 0.09
   62 R    -2   7  -1  -2  -4   1  -1  -3  -1  -4  -3   2  -2  -4  -3  -1  -2  -3  -2  -3    0  99   0   0   0   0   0   0   0   0   0   0   0   0   0   0   0   0   0   0  1.05 0.09
   63 K    -1   2  -1  -1  -4   1   0  -2  -1  -3  -3   6  -2  -4  -2  -1  -1  -4  -2  -3    0   1   0   0   0   0   0   0   0   0   0  99   0   0   0   0   0   0   0   0  0.79 0.09
   64 Q    -1   0   0  -1  -4   6   1  -3   1  -3  -1   1  -1  -3  -2  -1  -1  -3  -2  -3    0   1   1   1   0  87   1   0   4   0   6   0   0   0   0   0   0   0   0   0  0.77 0.09
   65 R    -2   6  -1  -2  -4   1   0  -3  -1  -4  -3   3  -2  -4  -3  -1  -2  -3  -2  -3    0  88   0   0   0   0   0   0   0   0   0  12   0   0   0   0   0   0   0   0  0.93 0.08
   66 I    -2  -4  -4  -4  -2  -3  -4  -5  -4   6   1  -3   1  -1  -3  -3  -1  -3  -2   2    0   0   0   0   0   0   0   0   0 100   0   0   0   0   0   0   0   0   0   0  0.67 0.09
   67 L    -2  -3  -4  -4  -2  -3  -3  -4  -3   1   5  -3   2   0  -4  -3  -2  -1  -1   1    0   0   0   0   0   0   0   0   0   0  97   0   0   1   0   0   0   1   0   1  0.62 0.07
   68 N    -1   0   6   1  -3   0   0  -1   0  -4  -4   1  -2  -4  -2   1   0  -4  -3  -3    0   2  69   4   0   0   0   0   0   0   0  13   0   0   0  12   1   0   0   0  0.64 0.07
   69 T     0  -2  -1  -2  -1  -1  -1  -2  -2  -1  -2  -1  -1  -3  -2   1   6  -3  -2  -1    5   0   0   0   0   0   0   0   0   0   0   0   0   0   0   3  92   0   0   0  0.67 0.09
   70 I    -2  -4  -4  -4  -2  -3  -4  -5  -4   6   1  -3   1  -1  -3  -3  -1  -3  -2   2    0   0   0   0   0   0   0   0   0  99   1   0   0   0   0   0   0   0   0   0  0.66 0.08
   71 R    -2   7  -1  -2  -4   1   0  -3  -1  -4  -3   2  -2  -4  -3  -1  -2  -3  -2  -3    0  95   0   0   0   5   0   0   0   0   0   0   0   0   0   0   0   0   0   0  1.00 0.09
   72 N    -2  -1   7   1  -3  -1  -1  -1   0  -4  -4  -1  -3  -4  -3   0  -1  -5  -3  -4    0   0  99   1   0   0   0   0   0   0   0   0   0   0   0   0   0   0   0   0  1.07 0.10
   73 S     1  -1   0  -1  -1  -1  -1  -1  -1  -3  -3  -1  -2  -3  -1   5   1  -4  -2  -2    0   0   0   0   0   0   0   0   0   0   0   0   0   0   0 100   0   0   0   0  0.69 0.09
   74 E    -1  -1  -1   1  -4   1   6  -3  -1  -4  -4   0  -3  -4  -2  -1  -1  -4  -3  -3    1   0   0   2   0   0  97   0   0   0   0   0   0   0   0   0   0   0   0   0  0.96 0.09
   75 E    -1  -1  -1   1  -4   2   6  -3  -1  -4  -4   0  -3  -4  -2  -1  -1  -4  -3  -3    0   0   0   1   0   0  98   0   0   0   0   1   0   0   0   0   0   0   0   0  0.98 0.09
   76 L    -2  -3  -4  -4  -2  -3  -4  -4  -3   1   5  -3   2   0  -4  -3  -2  -2  -2   0    0   0   0   0   0   0   0   0   0   0 100   0   0   0   0   0   0   0   0   0  0.65 0.07
   77 R    -2   6  -1  -2  -1   2   0  -3  -1  -4  -3   2  -2  -4  -3  -1  -2  -3  -2  -3    0  91   0   0   2   6   0   0   0   0   0   0   0   0   0   1   0   0   0   0  0.92 0.09
   78 G    -1   0   0   0  -3   0   3   5  -1  -4  -4   0  -3  -4  -2  -1  -2  -3  -3  -3    0   6   1   1   0   1  33  58   0   0   0   1   0   0   0   0   0   0   0   0  0.63 0.05
   79 G     0   0  -1  -2  -3  -2  -2   6  -2  -4  -4  -1  -3  -4  -3   0  -2  -3  -3  -4    2   7   1   0   0   0   1  87   0   0   0   2   0   0   0   1   0   0   0   0  0.99 0.07
   80 A     5  -2  -2  -2  -1  -1  -1   0  -2  -2  -2  -1  -1  -3  -1   1   0  -3  -2   0   98   0   0   0   0   0   0   0   0   0   0   0   0   0   0   0   1   0   0   1  0.59 0.08
   81 I    -2  -3  -4  -4  -2  -3  -4  -4  -4   5   2  -3   1   0  -3  -3  -1  -3  -2   3    1   0   0   0   0   1   0   0   0  81   6   0   1   1   0   0   0   0   0  10  0.51 0.06
   82 E    -1  -1  -1   1  -4   2   6  -3  -1  -4  -4   1  -3  -4  -2  -1  -1  -4  -3  -3    0   0   0   2   0   5  92   0   0   0   0   1   0   0   0   0   0   0   0   0  0.91 0.08
   83 Q    -1   2  -1  -1  -4   6   1  -3   0  -4  -3   1  -1  -4  -2  -1  -1  -3  -2  -3    0  13   0   0   0  85   0   0   0   0   0   2   0   0   0   0   0   0   0   0  0.85 0.09
   84 L    -2  -3  -4  -4  -2  -3  -4  -4  -3   1   5  -3   2   0  -4  -3  -2  -2  -1   0    0   0   0   0   0   0   0   0   0   0  99   0   0   1   0   0   0   0   0   0  0.64 0.07
   85 E    -1  -1  -1   1  -4   2   6  -3  -1  -4  -4   1  -3  -4  -2  -1  -1  -4  -3  -3    0   0   0   1   0   0  98   0   0   0   0   1   0   0   0   0   0   0   0   0  0.97 0.09
   86 K    -1   2   1  -1  -4   1   0  -2  -1  -3  -3   6  -2  -4  -2  -1  -1  -4  -2  -3    0   4   5   0   0   0   1   0   0   0   0  88   0   0   0   0   1   0   0   0  0.67 0.08
   87 A     5  -2  -2  -2  -1  -1  -1   0  -2  -1  -2  -1  -1  -3  -1   1   0  -3  -2   0   96   0   0   0   0   0   0   1   0   1   0   0   0   0   0   0   0   0   0   2  0.57 0.08
   88 R    -2   7  -1  -2  -4   1  -1  -2  -1  -4  -3   2  -2  -3  -3  -1  -2  -3  -2  -3    0  92   0   0   0   2   0   2   0   0   1   2   0   0   0   0   0   0   0   0  0.93 0.09
   89 T     5  -2  -2  -1  -1  -1  -1   0  -2  -2  -2  -1  -1  -3  -1   1   1  -3  -2   0   85   0   0   2   0   0   0   0   0   0   0   0   0   0   0   4   7   0   0   1  0.48 0.07
   90 R    -2   7  -1  -2  -3   1  -1  -3   1  -4  -3   2  -2  -3  -3  -1  -2  -3  -2  -3    0  96   0   0   1   0   0   0   3   0   0   0   0   0   0   0   0   0   1   0  0.98 0.09
   91 L    -2  -3  -4  -4  -2  -3  -3  -4  -3   1   5  -3   2   0  -4  -3  -2  -2  -1   1    0   0   0   0   0   0   0   0   0   0  99   0   0   1   0   0   0   0   0   1  0.64 0.07
   92 R    -2   6  -1  -2  -4   2   0  -3  -1  -3  -2   2  -2  -3  -3  -1  -2  -1  -2  -3    0  86   0   0   0  10   0   0   0   0   2   1   0   0   0   1   0   1   0   0  0.86 0.08
   93 K    -1   2  -1  -1  -4   1   0  -2  -1  -3  -3   6  -2  -4  -2  -1  -1  -4  -2  -3    0   1   0   0   0   2   0   0   0   0   0  97   0   0   0   0   0   0   0   0  0.76 0.09
   94 V     0  -3  -3  -4  -1  -3  -3  -4  -4   2   0  -3   1  -1  -3  -2   0  -3  -2   5    5   0   0   0   0   0   0   0   0   4   0   0   1   0   0   0   0   0   0  90  0.49 0.07
   95 E    -1   0  -1   1  -4   2   6  -3  -1  -4  -4   1  -3  -4  -2  -1  -1  -4  -3  -3    0   0   0   0   0   1  96   0   0   0   0   3   0   0   0   0   0   0   0   0  0.94 0.09
   96 M    -1  -1  -2  -3  -2  -1  -2  -3  -2   2   1  -1   6  -1  -3  -1   1  -2  -2   1    1   3   0   0   0   0   0   0   0  19   2   5  56   0   0   0  13   0   0   1  0.34 0.07
   97 E    -1  -1  -1   1  -4   2   6  -3  -1  -4  -4   0  -3  -4  -2  -1  -1  -4  -3  -3    0   0   0   1   0   0  99   0   0   0   0   0   0   0   0   0   0   0   0   0  0.99 0.09
   98 A     5  -2  -2  -2  -1  -1  -1   0  -2  -2  -2  -1  -1  -3  -1   1   0  -3  -2  -1  100   0   0   0   0   0   0   0   0   0   0   0   0   0   0   0   0   0   0   0  0.63 0.08
   99 D    -2  -2   2   6  -4   0   2  -2  -1  -4  -4  -1  -4  -4  -2  -1  -1  -5  -4  -4    1   0   6  85   0   0   8   0   0   0   0   0   0   0   0   0   0   0   0   0  1.02 0.08
  100 Q    -1   1  -1   0  -4   6   3  -3   0  -3  -2   1  -1  -4  -2  -1  -1  -3  -2  -3    0   6   0   2   0  68  20   0   0   0   4   0   0   0   0   0   0   0   0   0  0.67 0.07
  101 F    -3  -3  -4  -4  -3  -4  -4  -4  -1  -1   0  -4  -1   7  -4  -3  -3   1   4  -1    0   0   0   0   0   0   0   0   0   0   0   0   0  85   0   0   0   0  15   0  1.01 0.09
  102 R    -2   7  -1  -2  -4   1  -1  -3  -1  -3  -3   2  -1  -3  -3  -1  -2  -3  -2  -3    0  98   0   0   0   0   0   0   0   1   0   0   1   0   0   0   0   0   0   0  1.01 0.09
  103 V     0  -3  -3  -4  -1  -3  -3  -3  -4   2   0  -3   1  -1  -3  -2   0  -3  -2   5    6   0   0   0   0   0   0   0   0   2   0   0   4   0   0   0   3   0   0  85  0.45 0.07
  104 N    -2  -1   7   1  -3  -1  -1  -1   0  -4  -4  -1  -3  -4  -3   0   0  -5  -3  -4    0   0  96   1   0   0   0   0   0   0   0   0   0   0   0   1   2   0   0   0  1.01 0.10
  105 G     0  -3  -1  -2  -3  -2  -2   6  -3  -4  -4  -2  -3  -4  -3  -1  -2  -3  -4  -4    0   0   0   0   0   0   2  98   0   0   0   0   0   0   0   0   0   0   0   0  1.21 0.08
  106 Y    -3  -2  -3  -4  -3  -2  -3  -4   1  -2  -2  -3  -2   3  -4  -2  -2   2   8  -2    0   0   0   0   0   0   0   0   0   0   0   0   0   0   0   0   0   0 100   0  1.33 0.11
  107 S     1  -1   0  -1  -1   0  -1  -1  -1  -3  -3  -1  -2  -2  -1   5   1  -3  -1  -2    1   0   0   0   0   1   0   0   0   0   1   0   0   1   0  95   0   0   1   0  0.61 0.09
  108 E    -1  -1  -1   2  -4   2   6  -3  -1  -4  -4   0  -3  -4  -2  -1  -1  -4  -3  -3    0   0   0   5   0   1  94   0   0   0   0   0   0   0   0   0   0   0   0   0  0.93 0.09
  109 I    -2  -4  -4  -4  -2  -3  -4  -5  -4   6   1  -3   1  -1  -3  -3  -1  -3  -2   2    0   0   0   0   0   0   0   0   0 100   0   0   0   0   0   0   0   0   0   0  0.67 0.09
  110 E    -1  -1  -1   1  -4   2   6  -2  -1  -4  -4   0  -3  -4  -2  -1  -1  -4  -3  -3    0   0   0   0   0   0  99   1   0   0   0   0   0   0   0   0   0   0   0   0  0.98 0.09
  111 R    -2   6  -1  -2  -4   2   0  -2  -1  -4  -3   2  -2  -4  -3  -1  -2  -3  -2  -3    0  90   0   0   0   8   0   1   0   0   0   1   0   0   0   0   0   0   0   0  0.93 0.08
  112 E    -1  -1  -1   2  -4   2   6  -3  -1  -4  -4   1  -3  -4  -2  -1  -1  -4  -3  -3    0   0   0   4   0   1  92   0   0   0   0   3   0   0   0   0   0   0   0   0  0.90 0.08
  113 K    -1   2  -1  -1  -4   1   0  -2  -1  -3  -3   6  -2  -4  -2  -1  -1  -4  -2  -3    0   4   0   0   0   0   0   0   0   1   0  93   0   0   0   0   1   0   0   0  0.72 0.08
  114 L    -2  -2  -4  -4   0  -2  -3  -4  -3   1   4  -2   2   1  -3  -2  -2   6   0   0    0   1   0   0   2   1   0   0   0   1  64   1   5   7   0   2   0  14   0   3  0.46 0.05
  115 N    -2  -1   7   1  -3  -1  -1  -1   0  -3  -4  -1  -3  -4  -3   0   0  -5  -3  -3    0   0  95   0   0   0   1   0   0   1   0   1   0   0   0   1   1   0   0   0  0.98 0.09
  116 L    -2  -3  -4  -4  -2  -3  -4  -4  -3   1   5  -3   2   1  -4  -3  -2  -2  -1   0    0   0   0   0   0   0   0   0   0   0  97   0   0   3   0   0   0   0   0   0  0.62 0.07
  117 I    -2  -2  -4  -4  -2  -3  -4  -4  -4   6   1  -3   1  -1  -3  -3  -1  -3  -2   2    0   2   0   0   0   1   0   0   0  95   1   0   0   0   0   0   0   0   0   0  0.58 0.08
  118 N    -2  -1   7   1  -3   0  -1  -1   0  -4  -4  -1  -3  -4  -3   0   0  -5  -3  -4    0   0  94   3   0   1   0   0   0   0   0   1   0   0   0   1   1   0   0   0  0.98 0.09
  119 S     1  -1   0  -1  -1  -1  -1  -1  -1  -3  -3  -1  -2  -3  -1   5   1  -3  -2  -2    7   0   0   0   0   0   0   0   0   0   1   0   0   0   0  92   0   0   0   0  0.61 0.08
  120 I     0  -2  -1  -2  -1  -1  -2  -2  -2   0  -1  -1  -1  -2  -2   1   5  -3  -2   0    2   0   0   0   0   0   0   0   0   9   1   0   0   0   0   1  87   0   0   0  0.58 0.08
  121 Y    -2  -2  -2  -2  -1  -2  -2  -2   1  -2  -2  -2  -2   2  -3   1  -1   1   7  -2    0   0   0   1   1   0   0   2   0   0   1   0   0   1   0  15   0   0  78   0  0.82 0.09
  122 K    -1   2   1   0  -3   1   1  -2  -1  -3  -3   5  -1  -3  -2   0   0  -3  -2  -3    0   3   4   2   0   3   4   0   0   0   0  75   1   0   0   0   8   0   1   0  0.51 0.06
  123 T     0  -2   2  -1  -2  -1  -1  -2  -2   0  -2  -1  -1  -3  -2   1   5  -3  -2   0    1   0  11   1   0   0   0   0   0   5   0   0   0   0   0   2  81   0   0   0  0.54 0.07
  124 L    -2  -3  -4  -4  -2  -3  -4  -4  -3   1   5  -3   2   1  -4  -3  -2  -2  -1   0    0   0   0   0   0   0   0   0   0   0  97   0   0   3   0   0   0   0   0   0  0.62 0.07
  125 E    -1  -1  -1   1  -4   2   6  -2  -1  -4  -4   1  -3  -4  -2  -1  -1  -4  -3  -3    1   0   0   2   0   1  92   1   0   0   0   3   0   0   0   0   0   0   0   0  0.88 0.08
  126 Q    -1   2  -1  -1  -4   6   1  -3   0  -4  -3   1  -1  -4  -2  -1  -1  -3  -2  -3    0  12   0   0   0  86   0   0   1   0   0   1   0   0   0   0   0   0   0   0  0.86 0.10
  127 L    -2  -2  -4  -4  -2  -3  -3  -4  -3   1   5  -3   2   1  -4  -3  -2  -2  -1   0    0   1   0   0   0   0   0   0   0   0  94   0   0   5   0   0   0   0   0   0  0.59 0.07
  128 E    -1  -1  -1   1  -4   2   6  -3  -1  -4  -4   0  -3  -4  -2  -1  -1  -4  -3  -3    0   0   0   1   0   0  99   0   0   0   0   1   0   0   0   0   0   0   0   0  0.98 0.09
  129 N    -2  -1   7   1  -3  -1  -1  -1   0  -4  -4  -1  -3  -4  -3   0  -1  -5  -3  -4    0   0  98   0   0   0   0   0   0   1   0   0   0   0   0   1   0   0   0   0  1.04 0.10
  130 Y    -2  -2  -1  -2  -3  -2  -2  -4   1  -2  -2  -2  -2   2  -4  -2  -2   2   8  -2    0   0   3   2   0   1   0   0   0   0   0   0   0   0   0   1   0   0  93   0  1.13 0.10
  131 K    -1   2   0  -1  -4   1   0  -2  -1  -3  -3   6  -2  -4  -2  -1  -1  -4  -2  -3    0   0   1   0   0   0   0   0   0   0   0  99   0   0   0   0   0   0   0   0  0.78 0.09
  132 N    -2  -1   7   1  -3  -1  -1  -1   0  -4  -4   0  -3  -4  -3   0  -1  -5  -3  -4    0   0  99   0   0   0   0   0   0   0   0   1   0   0   0   0   0   0   0   0  1.06 0.10
  133 E    -1  -1  -1   1  -4   2   6  -3  -1  -4  -4   0  -3  -4  -2  -1  -1  -4  -3  -3    0   0   0   0   0   0 100   0   0   0   0   0   0   0   0   0   0   0   0   0  1.00 0.09
  134 T     0  -2   0  -2  -1  -1  -1  -2  -2  -1  -2  -1  -1  -3  -2   1   6  -3  -2  -1    1   0   1   0   0   0   0   0   0   0   0   0   0   0   0   1  98   0   0   0  0.74 0.09
  135 I    -2  -4  -4  -4  -2  -3  -4  -5  -4   6   1  -3   1  -1  -3  -3  -1  -3  -2   2    0   0   0   0   0   0   0   0   0  97   3   0   0   0   0   0   0   0   0   0  0.64 0.08
  136 Q    -2   2   1  -1  -4   3   0  -3   7  -3  -2   0  -2  -2  -2  -1  -2  -3   1  -3    0  11   3   0   0  28   0   0  52   0   2   0   0   0   0   0   0   0   3   0  0.67 0.07
  137 F    -3  -4  -4  -4  -3  -4  -4  -4  -2  -1   0  -4  -1   8  -4  -3  -3   0   3  -1    0   0   0   0   0   0   0   0   0   0   0   0   0 100   0   0   0   0   0   0  1.14 0.10
  138 E    -1  -1  -1   1  -4   2   6  -3  -1  -4  -4   0  -3  -4  -2  -1  -1  -4  -3  -3    0   0   0   0   0   0 100   0   0   0   0   0   0   0   0   0   0   0   0   0  1.00 0.09
  139 Q    -1   0  -1  -1  -4   7   2  -3   0  -4  -3   1  -1  -4  -2  -1  -1  -3  -2  -3    0   0   0   0   0  97   3   0   0   0   0   0   0   0   0   0   0   0   0   0  0.99 0.11
  140 Q    -1   1  -1  -1  -4   7   2  -3   0  -4  -3   1  -1  -4  -2  -1  -1  -3  -2  -3    0   0   0   0   0  95   3   0   0   0   0   1   0   0   0   0   0   0   0   0  0.96 0.11
  141 R    -2   7  -1  -2  -4   1  -1  -3  -1  -4  -3   2  -2  -4  -3  -1  -2  -3  -2  -3    0  92   0   0   0   0   0   0   0   0   0   6   0   0   0   1   0   0   0   0  0.96 0.09
  142 T     5  -2  -2  -2  -1  -1  -1   0  -2  -2  -2  -1  -1  -3  -1   1   1  -3  -2   0   90   0   0   0   0   0   0   0   0   0   0   0   0   0   0   0   7   0   0   3  0.52 0.07
  143 I    -2  -4  -4  -4  -2  -3  -4  -4  -4   6   1  -3   1  -1  -3  -3  -1  -3  -2   2    0   0   0   0   0   0   0   0   0  97   2   0   0   0   0   1   0   0   0   1  0.63 0.08
  144 N    -2  -1   7   1  -3  -1  -1  -1   0  -4  -4  -1  -3  -4  -3   0   0  -5  -3  -4    0   0  96   0   0   0   0   0   0   0   0   0   0   0   0   1   3   0   0   0  1.01 0.10
  145 Q    -1   0  -1  -1  -4   7   2  -3   0  -4  -3   1  -1  -4  -2  -1  -1  -3  -2  -3    0   0   0   0   0  95   4   0   0   0   0   1   0   0   0   0   0   0   0   0  0.96 0.10
  146 V    -1  -3  -4  -4  -1  -3  -3  -4  -4   2   0  -3   0  -1  -3  -2  -1  -4  -2   5    0   0   0   0   0   0   0   0   0   2   0   0   0   0   0   0   0   0   0  98  0.58 0.08
  147 R    -2   7  -1  -2  -4   1  -1  -3  -1  -4  -3   2  -2  -4  -3  -1  -2  -3  -2  -3    0  96   0   0   0   4   0   0   0   0   0   0   0   0   0   0   0   0   0   0  1.02 0.09
  148 Q    -1   1  -1  -1  -4   7   1  -3   0  -3  -2   1  -1  -4  -2  -1  -1  -3  -2  -3    0   1   0   0   0  96   1   0   1   0   2   0   0   0   0   0   0   0   0   0  0.95 0.11
  149 R    -2   6  -1  -2  -4   2   0  -3  -1  -4  -2   2  -2  -3  -3  -1  -2  -3  -2  -3    0  89   0   0   0   9   0   0   0   0   1   0   0   0   0   0   0   0   0   0  0.91 0.08
  150 V    -1  -3  -4  -4  -1  -3  -3  -4  -4   3   1  -3   0  -1  -3  -2  -1  -3  -2   5    0   0   0   0   0   0   0   0   0   8   0   0   0   0   0   0   0   0   0  92  0.55 0.07
  151 F    -3  -4  -4  -4  -3  -4  -4  -4  -2  -1   0  -4   0   7  -4  -3  -3   0   3  -1    0   0   0   0   0   0   0   0   0   0   4   0   0  96   0   0   0   0   0   0  1.05 0.09
  152 Q    -1   0  -1  -1  -4   7   2  -3   1  -4  -3   1  -1  -4  -2  -1  -1  -3  -2  -3    0   0   0   0   0  98   1   0   1   0   0   0   0   0   0   0   0   0   0   0  0.99 0.11
  153 Q    -1   0  -1  -1  -4   7   2  -3   0  -4  -3   1  -1  -4  -2  -1  -1  -3  -2  -3    0   0   0   0   0  98   1   0   1   0   0   1   0   0   0   0   0   0   0   0  0.99 0.11
  154 A     5  -2  -2  -2  -1  -1  -1   0  -2  -2  -2  -1  -1  -3  -1   1   0  -3  -2  -1   99   0   0   0   0   0   0   0   0   0   0   0   0   0   0   0   0   0   0   1  0.61 0.08
  155 L    -2  -3  -4  -4  -2  -3  -4  -4  -3   1   5  -3   2   0  -4  -3  -2  -2  -2   0    0   0   0   0   0   0   0   0   0   0 100   0   0   0   0   0   0   0   0   0  0.65 0.07
  156 Q    -1   2  -1   0  -4   6   2  -3   0  -4  -3   1  -1  -4  -2  -1  -1  -3  -2  -3    0   7   0   1   0  84   8   0   0   0   0   1   0   0   0   0   0   0   0   0  0.83 0.09
  157 G     0  -1  -1  -2  -3  -2  -2   6  -3  -4  -4  -2  -3  -4  -3  -1  -2  -3  -4  -4    1   3   0   0   0   0   1  95   0   0   0   0   0   0   0   0   0   0   0   0  1.15 0.08
  158 A     5  -2  -2  -2  -1  -1  -1   0  -2  -2  -2  -1  -1  -3  -1   1   0  -3  -2  -1  100   0   0   0   0   0   0   0   0   0   0   0   0   0   0   0   0   0   0   0  0.63 0.08
  159 L    -2  -3  -4  -4  -2  -3  -4  -4  -3   2   5  -3   2   0  -3  -3  -2  -2  -2   1    0   0   0   0   0   0   0   0   0   6  94   0   0   0   0   0   0   0   0   0  0.61 0.07
  160 G     0  -2  -1  -2  -3  -2  -1   6  -2  -4  -4  -2  -3  -4  -3  -1  -2  -3  -4  -3    1   2   0   0   0   0   4  92   0   0   0   0   0   0   0   0   0   0   0   2  1.09 0.07
  161 T     0  -1  -1  -2  -1  -1  -1  -2  -2  -1  -2  -1  -1  -3  -2   1   6  -3  -2  -1    1   1   0   0   0   0   0   0   0   1   0   0   0   0   0   0  97   0   0   0  0.71 0.09
  162 L    -2  -3  -4  -4  -2  -3  -3  -4  -3   1   5  -3   2   0  -4  -3  -2  -2  -2   1    0   0   0   0   0   0   0   0   0   1  98   0   1   0   0   0   0   0   0   0  0.63 0.07
  163 N    -2  -1   7   1  -3   0  -1  -1   0  -4  -4   0  -3  -4  -3   0   0  -4  -3  -4    0   0  93   0   0   0   0   0   0   0   0   3   0   0   0   2   1   0   0   0  0.96 0.09
  164 S     1  -1   1  -1  -2  -1  -1   0  -1  -3  -3  -1  -2  -3  -1   5   1  -3  -2  -2    0   1   3   0   0   0   0   2   0   0   0   0   0   0   0  94   1   0   0   0  0.62 0.08
  165 C    -1  -3  -3  -4  10  -4  -4  -3  -4  -2  -2  -4  -2  -3  -4  -1  -1  -3  -3  -2    0   1   0   0  96   0   0   0   0   0   0   0   0   0   0   3   0   0   0   0  1.71 0.12
  166 L    -2  -3  -4  -4  -2  -3  -3  -4  -3   1   5  -3   2   0  -3  -3  -2  -2  -2   0    0   0   0   0   0   0   0   0   0   0  99   0   0   0   0   1   0   0   0   0  0.62 0.07
  167 N    -2  -1   6   1  -3  -1  -1  -1   0  -3  -4  -1  -3  -4  -2   1   2  -4  -3  -3    0   0  83   1   0   0   0   0   0   0   0   0   0   0   0   3  13   0   0   0  0.81 0.08
  168 N    -2  -1   6   1  -3   0  -1  -1   0  -4  -4   1  -3  -4  -2   1   0  -4  -3  -3    0   0  79   0   0   0   0   2   0   0   0   7   0   0   1   9   3   0   0   0  0.75 0.08
  169 E    -1  -1  -1   1  -4   2   6  -3  -1  -4  -4   0  -3  -4  -2  -1  -1  -4  -3  -3    0   0   0   1   0   0  99   0   0   0   0   0   0   0   0   0   0   0   0   0  0.99 0.09
  170 L    -2  -3  -4  -4  -2  -3  -3  -4  -3   1   5  -3   2   0  -3  -3  -2  -2  -2   1    0   0   0   0   0   0   0   0   0   1  97   0   0   0   0   0   0   0   0   1  0.63 0.07
  171 H    -2  -1   0  -2  -4   0  -1  -3   9  -4  -4  -1  -2  -2  -3  -2  -2  -3   1  -4    0   0   0   0   0   0   0   0 100   0   0   0   0   0   0   0   0   0   0   0  1.44 0.12
  172 L    -2  -3  -4  -4  -2  -3  -3  -4  -3   1   5  -3   2   2  -4  -3  -2  -2  -1   0    0   0   0   0   0   0   0   0   0   0  93   0   0   7   0   1   0   0   0   0  0.58 0.06
  173 R    -2   7  -1  -2  -4   1  -1  -3   0  -4  -3   2  -2  -4  -3  -1  -2  -3  -2  -3    0  98   0   0   0   0   0   0   2   0   0   1   0   0   0   0   0   0   0   0  1.03 0.09
  174 T     0  -2  -1  -2  -1  -1  -1  -2  -2  -1  -2  -1  -1  -3  -2   1   6  -3  -2   0    1   0   0   0   0   0   0   0   0   2   0   0   0   0   0   0  96   0   0   0  0.71 0.09
  175 I    -2  -4  -4  -4  -2  -3  -4  -4  -4   6   1  -3   1   0  -3  -3  -1  -3  -2   2    0   0   0   0   0   0   0   0   0  96   0   0   0   1   0   0   0   0   0   3  0.63 0.08
  176 S     0  -1   3   0  -2  -1  -1   0  -1  -3  -3  -1  -2  -3  -2   4   1  -4  -2  -2    0   2  15   0   0   0   0   4   1   0   0   0   0   0   0  77   1   0   0   0  0.50 0.07
  177 A     5  -2  -2  -2  -1  -1  -1   0  -2  -2  -2  -1  -1  -3  -1   1   1  -3  -2   0   87   0   0   0   0   0   1   0   0   0   0   0   0   0   0   1   8   0   0   3  0.49 0.07
  178 N    -2  -1   7   1  -3  -1  -1  -1   0  -4  -4  -1  -3  -4  -3   0  -1  -5  -3  -4    0   0 100   0   0   0   0   0   0   0   0   0   0   0   0   0   0   0   0   0  1.08 0.10
  179 I    -2  -4  -4  -4  -2  -3  -4  -5  -4   6   1  -3   1  -1  -3  -3  -1  -3  -2   2    0   0   0   0   0   0   0   0   0  97   3   0   0   0   0   0   0   0   0   0  0.64 0.08
  180 G     0  -3   0   1  -3  -2  -2   6  -2  -4  -4  -2  -3  -4  -3   0  -1  -3  -4  -3    1   0   2   8   0   0   0  85   0   0   0   0   0   0   0   3   1   0   0   1  0.97 0.07
  181 I    -2  -2  -3  -4  -2  -1  -3  -4  -2   2   2  -2   7  -1  -3  -2  -1  -2  -2   1    0   0   0   0   0   0   0   0   0  12   2   1  83   0   0   0   1   0   0   1  0.67 0.10
  182 L    -3  -3  -4  -4  -3  -3  -4  -4  -2   0   2  -4   1   6  -4  -3  -2   0   2  -1    0   0   0   0   0   0   0   0   0   0  32   0   0  68   0   0   0   0   0   0  0.70 0.07
  183 G     0  -2  -1  -2  -3  -2  -2   6  -3  -4  -4  -2  -3  -4  -3  -1  -2  -3  -4  -3    1   2   0   0   0   0   2  95   0   0   0   0   0   0   0   0   0   0   0   2  1.14 0.08
  184 S     4  -2  -1  -2  -1  -1  -1   0  -2  -1  -2  -1  -1  -3  -1   2   2  -3  -2   0   59   0   0   0   0   0   1   1   0   0   0   1   1   0   0  17  17   0   0   4  0.34 0.05
  185 I    -2  -2  -3  -4  -2  -1  -3  -4  -2   2   2  -2   8  -1  -3  -2  -1  -2  -2   1    0   0   0   0   0   0   0   0   0   9   6   0  84   0   0   0   0   0   0   1  0.70 0.10
  186 K    -1   2   1  -1  -4   1   1  -2  -1  -3  -3   6  -2  -4  -2  -1  -1  -4  -2  -3    1   0   5   0   0   1   3   0   0   0   0  89   0   0   0   0   1   0   0   0  0.66 0.08
  187 E    -1  -1  -1   1  -4   2   6  -3  -1  -4  -4   1  -3  -4  -2  -1  -1  -4  -3  -3    0   0   0   1   0   0  96   0   0   0   0   3   0   0   0   0   0   0   0   0  0.94 0.09
  188 K    -2  -2  -4  -4  -2  -3  -3  -4  -4   5   1  -1   1  -1  -3  -3  -1  -3  -2   2    0   1   0   0   0   0   0   0   0  91   2   5   0   0   0   0   0   0   0   1  0.51 0.07
  189 T     0  -1   0  -2  -2  -1  -1  -2  -2   0  -1   0   0  -3  -1   1   5  -3  -2   0    1   3   2   0   0   0   0   0   0   4   0   5   2   0   1   0  84   0   0   0  0.52 0.07
  190 D    -2  -2   2   7  -4  -1   1  -2  -2  -4  -4  -1  -4  -4  -2  -1  -2  -5  -4  -4    0   0   6  94   0   0   0   0   0   0   0   0   0   0   0   0   0   0   0   0  1.12 0.08

                      K         Lambda
Standard Ungapped    0.1359     0.3195
Standard Gapped      0.0504     0.2670
PSI Ungapped         0.1646     0.3176
PSI Gapped           0.0504     0.2670
