
Last position-specific scoring matrix computed, weighted observed percentages rounded down, information per position, and relative weight of gapless real matches to pseudocounts
            A   R   N   D   C   Q   E   G   H   I   L   K   M   F   P   S   T   W   Y   V   A   R   N   D   C   Q   E   G   H   I   L   K   M   F   P   S   T   W   Y   V
    1 M    -2  -1  -2  -2  -3   5   0  -3  -1   2   1  -1   5  -2  -3  -2  -1  -3  -2   0    0   0   0   0   0  42   0   0   0  14  12   0  32   0   0   0   0   0   0   0  0.45 0.11
    2 Q    -1  -1   2   1  -3   3   2  -2  -1  -4  -4   0  -3  -4  -2   4   0  -4  -3  -3    1   0  11   7   0  15  15   1   0   0   0   5   0   0   0  41   4   0   0   0  0.49 0.15
    3 N    -2  -1   4   4  -4   0   3  -2  -1  -4  -4   1  -3  -4  -2   2  -1  -5  -3  -3    0   0  24  22   0   2  22   1   0   0   0   7   0   0   1  20   1   0   0   1  0.59 0.17
    4 E    -1   2   2  -1  -2   2   0  -2   2  -2   1   1  -1  -1  -1   0   0  -2  -1  -2    3  16  12   1   0  12   4   1   8   0  18   7   0   4   2   8   3   0   0   1  0.15 0.08
    5 I    -2  -4  -5  -5  -1  -4  -4  -5  -5   6   1  -4   1  -2  -4  -3  -1  -4  -3   4    0   0   0   0   1   0   0   0   0  56  12   0   2   0   0   1   2   0   0  27  0.84 0.23
    6 R    -3   5  -3  -4  -4  -1  -3  -4  -3   0   3   1   0   0  -4  -3  -3   6  -1  -2    0  36   0   0   0   0   0   0   0   3  33  10   1   3   0   0   0  14   1   0  0.68 0.22
    7 Q    -3   5  -2  -3  -2   0  -2  -4   3   2  -2   1  -1  -3  -3  -2  -1  -4  -1   0    0  46   1   0   1   4   0   0   9  20   0   6   0   0   0   1   4   0   2   6  0.56 0.20
    8 D    -3  -1  -1   3  -5   4   3  -4  -1  -4  -3   0  -2  -1  -3  -2  -3  -2   5  -4    0   2   1  22   0  27  19   0   0   0   0   2   0   0   0   0   0   0  27   0  0.76 0.24
    9 K    -1  -1   0  -1  -3   1   1  -2  -1   1   0   2   0   0   2   0   0  -3  -1   0    0   1   6   2   0   5  10   1   0  12  12  17   3   3  10   6   5   0   2   3  0.11 0.06
   10 I    -3  -4  -5  -5  -3  -4  -5  -5  -5   6   0  -4  -1  -2  -5  -4  -2  -5  -3   4    0   0   0   0   0   0   0   0   0  65   0   0   0   0   0   0   0   0   0  34  1.16 0.29
   11 I    -1  -1  -3  -4  -2  -1  -3  -4  -3   3   3  -2   1  -1  -1  -2   1  -3  -2   2    3   3   0   0   0   3   0   0   0  19  38   2   2   0   3   1  13   0   0  14  0.31 0.12
   12 G    -2  -5  -2  -3  -5  -4  -4   7  -4  -6  -6  -4  -5  -5  -4  -2  -4  -5  -5  -5    0   0   0   0   0   0   0 100   0   0   0   0   0   0   0   0   0   0   0   0  2.02 0.38
   13 S     1  -3  -1  -2  -3  -2   1  -2  -3  -4  -4  -2  -3  -4  -3   6  -1  -5  -3  -3   11   0   0   0   0   0  11   0   0   0   0   0   0   0   0  77   0   0   1   0  1.02 0.31
   14 R    -4   8  -3  -4  -6  -1  -2  -5  -2  -5  -5   1  -4  -5  -4  -3  -3  -5  -4  -5    0  99   0   0   0   0   0   0   0   0   0   1   0   0   0   0   0   0   0   0  2.03 0.42
   15 R    -3   8  -2  -4  -6  -1  -2  -4  -2  -5  -4   3  -3  -5  -4  -3  -3  -5  -4  -5    0  86   0   0   0   1   0   0   0   0   0  13   0   0   0   0   1   0   0   0  1.70 0.37
   16 F    -2  -4  -4  -5  -3  -4  -4  -5  -3   3   2  -4   0   6  -1  -3   0   0   0   0    1   0   0   0   0   0   0   0   0  18  20   0   1  45   4   0   7   1   0   2  0.69 0.20
   17 S    -1  -3  -1  -2  -3  -2  -2  -2  -3  -5  -5  -2  -4  -4  -3   7   0  -5  -4  -4    0   0   0   0   0   0   0   1   0   0   0   0   0   1   0  97   1   0   0   0  1.46 0.39
   18 N    -4  -3   8  -1  -5  -2  -3  -3  -2  -6  -6  -2  -5  -6  -4  -2  -2  -6  -5  -5    0   0 100   0   0   0   0   0   0   0   0   0   0   0   0   0   0   0   0   0  2.18 0.45
   19 Y    -4  -4  -5  -6  -5  -4  -5  -5  -1  -3  -2  -4  -2   5  -5  -4  -4   0   9  -3    0   0   0   0   0   0   0   0   0   1   2   0   1  20   0   0   0   0  77   1  1.93 0.39
   20 F    -4  -5  -5  -6   6  -4  -5  -4  -4  -2   0  -5  -3   4  -6  -4  -4  11   0  -3    0   0   0   0  17   0   0   0   0   2   7   0   0  20   0   1   0  51   0   1  2.01 0.36
   21 W    -5  -5  -7  -7  -5  -5  -6  -6  -5  -5  -4  -6  -3  -1  -7  -5  -5  13   0  -5    0   0   0   0   0   0   0   0   0   0   1   0   0   1   0   0   0  97   0   0  4.11 0.60
   22 A     6  -3  -3  -4  -1  -3  -3   0  -4  -3  -3  -3  -3  -4  -3   0  -1  -5  -4  -2   89   0   0   0   1   0   0   6   0   0   0   0   0   0   0   1   3   0   0   1  1.16 0.32
   23 F     0  -3  -2  -3   4  -2  -3  -2  -3   0  -1  -2  -1   3  -3   2   4  -3  -1   0    5   0   0   0  10   0   0   1   0   7   3   0   1  15   0  16  37   0   0   5  0.41 0.17
   24 F    -1  -4  -4  -4  -2  -4  -4  -5  -4   5   1  -4   0   0  -4  -2   0  -4  -2   4    3   0   0   0   0   0   0   0   0  47   5   0   0   3   0   3   4   0   0  35  0.70 0.21
   25 L    -1  -4  -4  -4  -1  -3  -4  -4  -4   4   2  -3   1  -1  -4  -1   0  -4  -2   3    2   0   0   0   1   0   0   0   0  35  22   0   2   0   0   4   5   0   0  30  0.54 0.17
   26 L     0  -3  -2  -3   1  -3  -3  -2  -3  -1   2  -3   0   5  -3   2   1  -2   0  -1    5   0   1   0   3   0   0   2   0   0  25   0   1  30   0  19  12   0   0   1  0.35 0.16
   27 V    -1  -3  -4  -4  -1  -3  -4  -3  -4   3   4  -3   2   2  -4  -2  -1  -2  -1   1    3   0   0   0   1   0   0   2   0  24  44   0   5  10   0   2   2   0   0   9  0.48 0.15
   28 G    -2  -4  -2  -3  -5  -4  -4   7  -4  -6  -6  -4  -5  -5  -4  -2  -4  -5  -5  -5    1   0   0   0   0   0   0  99   0   0   0   0   0   0   0   1   0   0   0   0  1.97 0.37
   29 G     3  -3  -2  -3  -3  -2  -3   5  -3  -4  -4  -2  -3  -4  -3   3  -2  -4  -4  -3   30   0   0   0   0   0   0  45   0   0   0   0   0   0   0  25   0   0   0   0  0.85 0.23
   30 L    -1  -3  -3  -4   0  -3  -3  -3  -3   2   3  -3   0   1  -3   0   2  -3  -2   1    2   0   0   0   1   0   0   1   0  15  41   0   1   7   0   8  17   0   0   7  0.35 0.14
   31 G    -1  -4  -2  -3  -3  -4  -4   7  -4  -6  -5  -3  -5  -4  -4   0  -3  -5  -5  -5    0   0   0   1   0   0   0  91   0   0   0   0   0   0   0   6   0   0   0   0  1.70 0.33
   32 F    -5  -5  -6  -6  -5  -6  -6  -6  -4  -2  -2  -6  -2   9  -6  -5  -5  -1   1  -3    0   0   0   0   0   0   0   0   0   0   0   0   0 100   0   0   0   0   0   0  2.33 0.44
   33 L    -3  -4  -5  -5  -3  -4  -4  -5  -4   0   5  -4   0   5  -5  -4  -3  -2  -1   0    0   0   0   0   0   0   0   0   0   1  68   0   0  27   0   1   0   0   0   3  0.96 0.25
   34 L    -2  -4  -5  -5  -3  -4  -4  -4  -4   2   5  -4   1   1  -4  -3  -2  -3  -2   0    1   0   0   0   0   0   0   1   0   7  80   0   1   6   0   1   1   0   0   3  0.90 0.24
   35 A     4  -3  -3  -3  -2  -2  -3  -2  -3  -1  -2  -2  -2  -3  -3   1   3  -4  -3   3   39   0   0   0   0   0   0   0   0   1   0   1   0   0   0   7  23   0   0  29  0.52 0.21
   36 G    -1  -4  -2  -3  -4  -4  -4   7  -4  -6  -6  -3  -5  -5  -4  -1  -3  -5  -5  -5    3   0   0   0   0   0   0  93   0   0   0   0   0   0   0   4   0   0   0   0  1.77 0.34
   37 I    -2  -4  -4  -5  -3  -4  -4  -5  -4   4   4  -4   0   1  -4  -3   0  -3  -2   1    2   0   0   0   0   0   0   0   0  39  44   0   0   4   0   0   7   0   0   4  0.66 0.20
   38 S    -1  -3  -1  -2  -1  -2  -2  -2  -3  -5  -4  -2  -4  -5  -2   7   0  -5  -4  -4    1   0   0   0   1   0   0   0   0   0   1   0   0   0   1  95   1   0   0   0  1.41 0.39
   39 S     0  -3  -1  -2  -3  -2  -2  -2  -3  -5  -5  -2  -4  -5  -3   7   0  -5  -4  -3    2   0   1   0   0   0   0   0   0   0   0   0   0   0   0  96   1   0   0   0  1.45 0.39
   40 Y    -4  -3  -4  -6  -5  -4  -4  -4  -1  -4  -3  -4  -3   1  -5  -4  -4   0   9  -3    0   1   0   0   0   0   0   1   0   0   0   0   0   1   0   0   0   0  95   1  2.37 0.46
   41 F    -3  -3  -4  -5  -2  -2  -4  -5  -3   1   4  -4   1   4  -4  -2   0  -1   0   0    0   0   0   0   1   1   0   0   0   4  60   0   1  21   0   2   5   0   2   1  0.66 0.20
   42 K    -2   0   2  -1  -4   3   0   3   3  -4  -4   3  -3  -4  -3  -1  -2  -4  -3  -4    1   2  11   2   0  14   2  28  10   0   0  28   0   0   0   1   1   0   0   0  0.53 0.17
   43 V    -1   2  -2  -3  -2  -1  -2  -3  -1   2   0   1   0   2  -3  -1   1  -3   0   2    0  14   0   0   0   2   1   0   1  12   5  12   1  10   0   3   9   0   3  27  0.17 0.10
   44 N    -3  -2   7   3  -4   0   0  -2  -1  -4  -5  -2  -4  -5  -1   0  -1  -5  -4  -4    1   0  67  14   0   2   6   1   1   1   0   1   0   0   2   3   1   0   0   0  1.14 0.28
   45 L    -3  -4  -5  -5  -3  -3  -4  -5  -4   1   5  -3   0   2  -3  -3  -2  -1  -2   0    0   0   0   0   0   1   1   0   0   6  78   1   0   9   1   1   0   0   0   2  0.86 0.24
   46 L    -3  -4  -5  -4  -3  -4  -4  -5  -4   3   5  -4   1   1  -4  -4  -2  -3  -2   1    0   0   0   1   0   0   0   0   0  22  64   0   0   6   0   0   1   0   1   5  0.77 0.21
   47 P    -2  -3  -3  -3  -4  -3  -3  -3  -3   1  -1  -3  -2   0   7   1  -2  -4  -3  -2    0   0   1   0   0   0   0   1   0  11   6   0   0   5  61  12   1   0   0   2  1.28 0.27
   48 F    -3  -4  -5  -4  -3  -4  -4  -4  -3   1   1  -4  -1   7  -4  -4  -3  -1   1   2    0   0   0   0   0   0   0   1   0   8  13   0   0  56   0   0   0   0   0  20  0.93 0.24
   49 T     1  -2  -1  -3  -2  -2  -2  -1  -3   2   1  -2  -1   2  -2   2   2  -3  -1   0   12   0   1   0   0   0   0   3   0  14  17   0   0  12   0  17  21   0   0   2  0.20 0.11
   50 N    -2  -1   3   4  -4   1   0  -2   1  -4  -4   1  -3  -4   3   1   0  -4  -2  -3    0   1  14  30   0   7   2   1   5   0   0   8   0   0  13  14   4   0   1   0  0.50 0.15
   51 T     1  -3  -1  -2  -3  -2  -2  -2  -2  -3  -3  -2  -3  -2   5   4   1  -4  -1  -2   12   0   1   1   0   0   0   0   1   1   1   0   0   2  29  40   8   0   2   1  0.69 0.21
   52 T    -1  -1   0  -1  -3   3   1  -2  -2  -2  -3   1  -2  -3  -1   2   4  -4  -3  -2    3   1   3   1   0  21   9   1   0   2   1  11   0   0   2  15  31   0   0   0  0.41 0.17
   53 E    -2  -1   3   2  -4   5   2  -1  -1  -4  -4   0  -1  -4  -3   0  -1  -4  -3  -4    2   1  15  13   0  39  15   3   0   0   1   3   1   0   0   3   3   0   0   0  0.64 0.20
   54 L    -3  -4  -5  -5  -3  -4  -5  -5  -5   5   4  -4   0  -1  -4  -4  -2  -4  -3   1    0   0   0   0   0   0   0   0   0  47  50   0   0   0   0   0   0   0   0   3  0.94 0.24
   55 V    -1  -2  -1  -3  -2   2  -2  -3  -2   3   2  -2   0  -1  -1   0  -1  -3  -2   2    4   0   2   0   0  12   0   0   0  25  20   1   0   1   2   7   3   0   1  21  0.24 0.12
   56 F    -5  -5  -6  -6  -5  -6  -6  -6  -4  -2  -1  -6  -2   9  -6  -5  -5  -1   1  -3    0   0   0   0   0   0   0   0   0   0   1   0   0  99   0   0   0   0   0   0  2.28 0.43
   57 I    -3  -4  -5  -5  -3  -4  -5  -5  -4   4   1  -4  -1   6  -5  -4  -2  -2   0   3    0   0   0   0   0   0   0   0   0  29  10   0   0  40   0   0   1   0   1  19  0.80 0.22
   58 P    -3  -5  -5  -4  -5  -4  -4  -5  -5  -5  -5  -3  -5  -6   9  -3  -4  -6  -6  -5    0   0   0   0   0   0   0   0   0   0   0   0   0   0 100   0   0   0   0   0  2.93 0.47
   59 Q    -3  -1  -2  -3  -6   9   0  -4  -2  -5  -5  -1  -3  -6  -4  -3  -3  -5  -4  -5    0   0   0   0   0 100   0   0   0   0   0   0   0   0   0   0   0   0   0   0  2.18 0.49
   60 G    -2  -5  -2  -3  -5  -4  -4   7  -4  -6  -6  -4  -5  -5  -4  -2  -4  -5  -5  -5    0   0   0   0   0   0   0 100   0   0   0   0   0   0   0   0   0   0   0   0  2.02 0.38
   61 L    -1  -4  -5  -5  -3  -4  -4  -5  -4   5   4  -4   0  -1  -4  -4  -2  -4  -3   2    3   0   0   0   0   0   0   0   0  39  47   0   0   1   0   0   0   0   0  10  0.76 0.21
   62 V     2  -4  -4  -4  -2  -3  -4  -4  -4   3   1  -3  -1  -2  -4  -2  -1  -4  -3   5   20   0   0   0   0   0   0   0   0  15  11   0   0   0   0   0   1   0   0  54  0.63 0.21
   63 M    -3  -4  -5  -6  -4  -3  -5  -5  -4   0   1  -4  10  -2  -5  -4  -3  -4  -3  -2    0   0   0   0   0   0   0   0   0   1   8   0  91   0   0   0   0   0   0   0  2.17 0.47
   64 M    -1  -3  -2  -3   6  -3  -3   3  -3  -2  -2  -3  -1  -3  -3   3   3  -4  -3  -2    1   0   0   0  25   0   0  21   0   1   4   0   1   0   0  26  19   0   0   1  0.64 0.21
   65 F    -4  -5  -5  -6  -4  -5  -5  -5  -4  -1   1  -5  -2   8  -6  -5  -4  -1   1  -3    0   0   0   0   0   0   0   0   0   1  12   0   0  87   0   0   0   0   0   0  1.84 0.37
   66 Y    -4  -4  -5  -6  -5  -4  -5  -6  -1  -4  -4  -4  -4   1  -6  -4  -4   0  10  -4    0   0   0   0   0   0   0   0   0   0   0   0   0   0   0   0   0   0 100   0  2.61 0.49
   67 G    -2  -5  -2  -3  -5  -4  -4   7  -4  -6  -6  -4  -5  -5  -4  -2  -4  -5  -5  -5    0   0   0   0   0   0   0 100   0   0   0   0   0   0   0   0   0   0   0   0  2.00 0.37
   68 A    -1  -3  -2  -3  -2  -3  -3  -2  -3   4   0  -3   0  -1  -3   1   3  -4  -2   3    3   0   0   0   0   0   0   2   0  31   6   0   1   2   0  13  23   0   0  20  0.37 0.16
   69 L     4  -3  -3  -4   0  -3  -3  -2  -3   1   2  -3  -1  -2  -3  -1   0  -4  -3   0   51   0   0   0   2   0   0   0   0   7  28   0   0   1   0   1   7   0   0   5  0.46 0.19
   70 S     2  -4  -2  -3  -4  -3  -4   6  -4  -5  -5  -3  -4  -5  -4  -1  -3  -4  -5  -4   21   0   0   0   0   0   0  77   0   0   0   0   0   0   0   2   0   0   0   0  1.38 0.29
   71 L    -2  -3  -4  -4  -1  -3  -4  -4  -4   3   4  -3   1   2  -4  -1   0  -3  -2   1    1   0   0   0   1   0   0   0   0  20  53   0   1   9   0   5   4   0   0   5  0.54 0.17
   72 G    -2  -4  -4  -5  -2  -4  -4  -4  -4   1   4  -4   1   4  -4  -2  -2  -2   0   0    1   0   0   0   0   0   0   1   0   7  57   0   1  25   0   3   1   0   0   3  0.70 0.20
   73 I    -3  -4  -5  -5  -3  -4  -4  -5  -4   3   4  -4   0   3  -3  -4  -2  -3  -1   1    0   0   0   0   0   0   0   0   0  24  58   0   0  12   1   0   0   0   1   4  0.76 0.21
   74 S     3  -3  -2  -2   0  -2  -2   1  -3  -4  -4  -2  -3  -4  -3   6   0  -5  -4  -3   22   0   0   0   1   0   0   7   0   0   0   0   0   0   0  69   0   0   0   0  0.91 0.29
   75 I    -1  -3  -2  -3  -1  -3  -3  -3  -3   3   3  -3   1   2  -3   1   1  -3  -1   0    3   0   1   0   1   0   0   1   0  20  34   0   1  13   0  16   7   0   0   3  0.30 0.13
   76 Y    -4  -4  -5  -6  -5  -4  -5  -6  -1  -3  -3  -4  -3   5  -5  -4  -4   0   9  -3    0   0   0   0   0   0   0   0   0   0   0   0   0  18   0   0   0   0  82   0  2.14 0.42
   77 T    -3  -4  -5  -5  -3  -2  -4  -5  -4   1   5  -4   0  -1  -5  -4  -2   6  -2  -1    0   0   0   0   0   2   0   0   0   6  79   0   0   0   0   0   1  11   0   1  1.06 0.27
   78 L    -3  -6  -6  -7  -1  -5  -6  -3  -5  -5  -3  -6  -4  -1  -6  -4  -5  13  -1  -5    2   0   0   0   1   0   0   2   0   0   2   0   0   1   0   1   0  91   0   0  3.69 0.56
   79 L    -2  -4  -5  -5   6  -4  -5  -4  -4   0   4  -4   1   3  -4  -3  -2  -3   0  -1    1   0   0   0  19   0   0   1   0   1  57   0   1  16   0   1   0   0   2   2  0.80 0.22
   80 T    -1  -3  -2  -3  -1  -3  -3  -4  -4   1   1  -3   0  -3  -3   0   6  -4  -3   2    3   0   1   0   1   0   0   0   0   6  11   0   2   0   0   2  60   0   0  13  0.68 0.24
   81 I    -3  -5  -5  -5  -1  -5  -5  -6  -5   7   1  -5   1  -2  -5  -4  -2  -4  -3   2    1   0   0   0   1   0   0   0   0  84   4   0   2   1   0   0   0   0   0   8  1.28 0.31
   82 I    -1  -3  -4  -4  -1  -3  -4  -3  -3   2   3  -3   0   4  -4   0  -2   0   1   0    5   0   0   0   1   0   0   1   0  15  35   0   1  26   0   8   0   1   2   3  0.43 0.15
   83 L    -5  -5  -6  -7  -1  -5  -6  -5  -5  -4   1  -6  -3   0  -6  -5  -5  12   0  -4    0   0   0   0   1   0   0   0   0   0  14   0   0   3   0   0   0  80   1   0  3.15 0.49
   84 D    -3  -2   6   5  -5  -2  -1  -2  -2  -5  -5  -2  -4  -5  -3   1  -2  -6  -4  -5    0   0  51  38   0   0   0   1   0   0   0   0   0   0   0  10   0   0   0   0  1.22 0.29
   85 I    -2  -4  -5  -5  -3  -4  -4  -5  -5   3   1  -4  -1  -2  -4  -4  -2  -5  -3   6    0   0   0   0   0   0   0   0   0  14   8   0   0   0   0   0   0   0   0  77  1.08 0.28
   86 G    -2  -5  -2  -3  -5  -4  -4   7  -4  -6  -6  -4  -5  -5  -4  -2  -4  -5  -5  -5    0   0   0   0   0   0   0 100   0   0   0   0   0   0   0   0   0   0   0   0  2.02 0.38
   87 S     0  -3  -1  -2  -3  -1   0   5  -3  -5  -5  -2  -4  -4  -3   3  -2  -4  -3  -4    5   0   0   0   0   2   5  54   0   0   0   0   0   0   0  34   0   0   0   0  0.91 0.24
   88 G    -2  -5  -2  -3  -5  -4  -4   7  -4  -6  -6  -4  -5  -5  -4  -2  -4  -5  -5  -5    0   0   0   0   0   0   0 100   0   0   0   0   0   0   0   0   0   0   0   0  2.02 0.38
   89 Y    -4  -4  -5  -6  -5  -4  -5  -5   0  -3  -3  -4  -3   5  -5  -4  -4   0   8  -3    0   0   0   0   0   0   0   0   1   0   0   0   0  27   0   0   0   0  72   0  1.95 0.39
   90 N    -4  -3   8   2  -5  -2  -2  -3  -2  -6  -6  -2  -5  -5  -4  -2  -2  -6  -4  -5    0   0  89  11   0   0   0   0   0   0   0   0   0   0   0   0   0   0   0   0  1.87 0.40
   91 E    -3   2  -2   0  -5   1   6  -4  -2  -4  -3   1  -3  -5  -2  -2  -3  -5  -4  -4    0  11   0   3   0   2  73   0   0   1   2   7   0   0   1   0   0   0   0   0  1.11 0.29
   92 Y    -5  -5  -5  -6  -5  -6  -6  -6  -3  -2  -2  -6  -2   9  -6  -5  -5  -1   2  -3    0   0   0   0   0   0   0   0   0   0   0   0   0  98   0   0   0   0   2   0  2.27 0.43
   93 N    -4  -3   7   5  -5  -2  -1  -3  -2  -5  -6  -2  -5  -5  -4  -1  -2  -6  -4  -5    0   0  67  32   0   0   0   0   0   0   0   0   0   0   0   1   0   0   0   0  1.53 0.35
   94 R    -2   4   0  -2  -5   2   0  -3  -1  -2  -2   5  -3  -4  -3  -2  -1  -3  -3  -3    0  22   5   0   0   7   1   1   1   3   3  55   0   0   0   0   2   0   0   0  0.78 0.23
   95 I    -2   1   0   2  -4   2   4  -3  -2  -4  -4   4  -3  -4  -3  -1  -1  -4  -3  -3    1   3   4   9   0  10  32   0   0   1   0  36   0   0   0   2   2   0   0   0  0.65 0.19
   96 E    -1  -1   1   2  -3   0   3  -3  -2  -3  -2   2  -2  -4  -2   0   3  -4  -3  -2    3   2   5  12   0   1  28   0   0   1   3  13   0   0   0   4  29   0   0   1  0.43 0.16
   97 N    -1  -3   0  -2  -4  -2  -2   7  -4  -6  -5  -1  -4  -5  -4  -1  -3  -5  -5  -5    1   0   5   1   0   2   2  85   0   0   0   3   0   0   0   1   0   0   0   0  1.47 0.30
   98 L    -2  -1  -1  -2  -3   0  -1  -3  -2   3   1   1   1   1  -3  -1   0  -3   0   1    1   1   2   1   0   5   3   0   0  32  13  15   3   8   0   3   6   0   3   4  0.17 0.10
   99 V    -1  -4  -5  -5  -2  -4  -4  -5  -5   5   0  -4   1   0  -4  -3  -2  -4  -2   5    4   0   0   0   0   0   0   0   0  37   3   0   3   4   0   0   0   0   0  49  0.80 0.23
  100 K    -2   5  -1  -3   5   0  -1  -3  -1  -3  -3   3  -2  -4  -3  -1   2  -4  -2  -3    0  36   1   0  15   1   2   0   1   1   0  19   0   0   0   3  18   0   1   0  0.63 0.20
  101 V    -3  -5  -5  -5  -3  -5  -5  -6  -5   7   1  -5  -1  -2  -5  -4  -3  -5  -3   2    0   0   0   0   0   0   0   0   0  87   7   0   0   0   0   0   0   0   0   5  1.37 0.33
  102 V    -4  -5  -5  -6  -3  -5  -5  -5  -3  -2  -1  -5  -2   9  -6  -4  -4  -1   2  -1    0   0   0   0   1   0   0   0   0   1   1   0   0  92   0   1   0   0   1   3  1.98 0.39
  103 R    -4   8  -3  -4  -6  -1  -2  -5  -2  -5  -5   0  -4  -5  -5  -3  -3  -5  -4  -5    0 100   0   0   0   0   0   0   0   0   0   0   0   0   0   0   0   0   0   0  2.08 0.43
  104 K    -4  -3  -4  -6  -5  -2  -5  -5  -2  -3   0  -2  -2   0  -6  -3  -4  12   1  -4    0   1   1   0   0   2   0   0   1   1   9   3   1   3   0   3   0  73   2   1  2.61 0.44
  105 G    -2  -4  -2  -3  -5  -4  -4   7  -4  -6  -6  -4  -5  -5  -4  -2  -4  -5  -5  -5    0   0   0   0   0   0   0  98   0   0   0   0   0   0   0   2   0   0   0   0  1.96 0.37
  106 F    -4  -5  -5  -6  -5  -5  -5  -5  -3  -2  -2  -5  -2   8  -6  -5  -4  -1   5  -3    0   0   0   0   0   0   0   0   0   0   0   0   0  85   0   0   0   0  15   0  1.99 0.39
  107 P    -3  -5  -5  -4  -5  -4  -4  -5  -5  -5  -3  -3  -5  -5   9  -3  -3  -2  -5  -4    0   0   0   0   0   0   0   0   0   0   2   0   0   0  96   0   0   1   0   1  2.70 0.44
  108 G    -2  -5  -2  -3  -5  -4  -4   7  -4  -6  -6  -4  -5  -5  -4  -2  -4  -5  -5  -5    0   0   0   0   0   0   0 100   0   0   0   0   0   0   0   0   0   0   0   0  2.02 0.38
  109 K    -3   1  -2  -3  -5   0   0  -3  -3  -3  -4   7  -3  -5  -3  -2  -2  -5  -4  -4    0   3   1   0   0   2   4   0   0   1   0  88   0   0   0   0   1   0   0   0  1.39 0.35
  110 N    -4  -3   8   0  -5  -2  -2  -3  -1  -6  -6  -2  -4  -5  -4  -1  -2  -6  -3  -5    0   0  95   2   0   0   0   0   0   0   0   1   0   0   0   1   1   0   1   0  1.95 0.42
  111 R    -4   8  -3  -4  -6  -1  -2  -5  -2  -5  -5   0  -4  -5  -5  -3  -3  -5  -4  -5    0 100   0   0   0   0   0   0   0   0   0   0   0   0   0   0   0   0   0   0  2.08 0.43
  112 E    -3   6  -1  -3  -1   2   0  -4  -2   0  -3   3  -2  -2  -3  -2  -1  -4  -3  -2    0  58   2   0   2   8   3   0   0   7   1  14   0   1   0   0   3   0   0   2  0.81 0.23
  113 I    -3  -5  -5  -5  -3  -5  -5  -6  -5   7   1  -5   0  -2  -5  -4  -2  -4  -3   2    0   0   0   0   0   0   0   0   0  80   8   0   0   0   0   0   0   0   0  12  1.22 0.30
  114 L    -2  -1   0   4   1   1   3  -3  -2  -3  -2   0  -2   2  -3  -1  -2  -2   0  -3    1   2   3  30   5   5  27   0   0   0   4   6   0  12   0   2   0   0   2   0  0.44 0.16
  115 L    -3  -4  -5  -5  -3  -4  -5  -5  -4   3   5  -4   0   2  -4  -4  -2  -3  -2   1    0   0   0   0   0   0   0   0   0  23  63   0   0   8   0   0   0   0   0   6  0.82 0.22
  116 T    -1   2   1   1   0   2   1  -2  -1  -1  -2   1  -2  -2  -2   1   1  -3   0  -1    1  14   6   8   3  11  12   1   0   2   1   6   0   1   0  14  10   0   4   7  0.18 0.08
  117 Y    -3  -4  -2  -5   5  -3  -4  -3   0  -2  -2  -4  -2   4  -5  -1  -3   0   7  -3    1   0   2   0  12   0   0   2   2   1   2   0   0  21   0   4   0   0  53   0  1.16 0.28
  118 S    -1   1   1  -1  -2  -1  -1  -2  -2  -2   0   1  -1   0   4   1   0  -3  -2  -2    2   9   9   2   0   2   1   0   0   0  12   8   1   4  25  17   5   0   1   0  0.35 0.12
  119 L    -2  -3  -4  -4  -3  -3  -4  -5  -4   5   3  -3   4   0  -4  -3   0  -3  -2   1    0   1   0   0   0   0   0   0   0  41  32   0  12   4   0   0   8   0   0   2  0.62 0.19
  120 S    -1   1   2   1  -3   3   2  -2  -1  -4  -4   4  -3  -4  -2   0  -1  -4  -3  -3    4   3   9   7   0  14  12   1   1   0   0  39   0   0   0   7   2   0   0   1  0.49 0.16
  121 N    -4  -3   1   7  -6  -1   3  -3  -3  -5  -6  -2  -5  -6  -3  -2  -3  -6  -5  -5    0   0   4  79   0   1  14   0   0   0   0   0   0   0   0   1   0   0   0   0  1.57 0.33
  122 V    -2  -4  -5  -5  -3  -4  -5  -5  -5   6   0  -4  -1  -2  -4  -4  -2  -4  -3   5    1   0   0   0   0   0   0   0   0  51   2   0   0   0   0   0   0   0   0  45  1.01 0.26
  123 R    -3   0  -1  -1  -5   7   3  -4  -1  -4  -3   1  -2  -4  -3  -2  -1  -4   0  -4    0   3   1   1   0  58  20   0   0   0   2   9   0   0   0   0   2   0   4   0  0.98 0.28
  124 A     4  -3  -2  -3   0  -2  -2  -1  -3  -4  -4  -2  -2  -4  -3   5  -1  -4  -4  -3   47   0   0   0   1   0   0   3   0   0   0   0   0   0   0  49   0   0   0   0  0.86 0.27
  125 I    -3  -5  -5  -5  -3  -5  -5  -6  -5   6   0  -4  -1  -2  -5  -4  -2  -5  -3   4    0   0   0   0   0   0   0   0   0  71   1   0   0   0   0   0   0   0   0  27  1.19 0.29
  126 G    -3   6  -2  -3  -5   0  -1  -2  -2  -4  -4   5  -3  -5  -4  -2  -3  -5  -4  -4    0  61   0   0   0   2   0   2   0   1   0  34   0   0   0   1   0   0   0   0  1.26 0.30
  127 I     1  -4  -4  -5  -2  -3  -4  -4  -4   4   1  -4   2  -2  -4  -3  -2  -4  -3   5   10   0   0   0   0   0   0   0   0  24   6   0   6   0   0   0   0   0   0  53  0.71 0.21
  128 K    -2  -1   1   3  -3   1   5  -3  -1  -2  -4   0  -3  -5  -3   0  -1  -5  -4  -2    1   1   5  17   0   2  58   0   0   2   0   3   0   0   0   4   2   0   0   3  0.80 0.23
  129 I    -2  -4  -5  -5  -3  -4  -5  -5  -5   6   2  -4   0   0  -4  -4  -2  -1  -2   3    0   0   0   0   0   0   0   0   0  57  21   0   0   3   0   0   1   1   0  18  0.82 0.22
  130 T    -2   3  -1  -2  -5   4   0  -3  -2  -3  -4   6  -3  -5  -3  -1  -1  -4  -3  -4    0  11   2   0   0  21   1   0   0   1   0  61   0   0   0   1   2   0   0   0  0.97 0.27
  131 E    -3  -2  -2   2  -6   3   6  -4  -2  -5  -5  -1  -4  -5  -3  -2  -3  -5  -4  -5    0   0   0  11   0  12  76   0   0   0   0   0   0   0   0   0   0   0   0   0  1.35 0.33
  132 G    -2  -4  -2  -3  -5  -4  -4   7  -4  -6  -6  -4  -5  -5  -4  -2  -4  -5  -5  -5    1   0   0   0   0   0   0  98   0   0   0   0   0   0   0   1   0   0   0   1  1.93 0.36
  133 L    -3  -4  -5  -5  -3  -4  -5  -5  -4   4   4  -4   1   2  -4  -4  -2  -2  -2   1    0   0   0   0   0   0   0   0   0  29  58   0   1   7   0   0   0   0   0   5  0.80 0.21
  134 N    -3  -2   6   2  -4  -2  -2  -2  -1  -4  -4  -2  -3  -1  -3   1   1  -3   3  -3    0   0  55  10   0   0   0   0   0   0   0   0   0   2   1  11   8   0  12   1  0.87 0.25
  135 P     0  -4  -4  -4  -4  -3  -3  -4  -4  -5  -5  -3  -4  -6   8   0  -1  -6  -5  -4    8   0   0   0   0   0   0   0   0   0   0   0   0   0  82   7   3   0   0   0  2.12 0.37
  136 T    -3   6  -2  -3  -4   3  -1  -4  -1  -4  -3   5  -3  -5  -3  -2  -2  -4  -3  -4    0  45   0   0   0  13   1   0   1   0   1  37   0   0   0   1   1   0   0   1  1.00 0.26
  137 R    -4   8  -3  -4  -3  -1  -2  -5  -1  -5  -4   0  -4  -5  -4  -3  -3  -5  -4  -5    0  97   0   0   1   0   0   0   1   0   0   0   0   0   0   0   1   0   0   0  1.95 0.41
  138 S     2  -2  -2  -2  -1  -1   2  -2  -3   1  -2  -1   0  -3  -2   1   3  -4  -3   2   20   0   0   0   1   0  17   1   0   8   0   2   2   0   0   7  23   0   0  19  0.26 0.13
  139 I    -3  -4  -5  -5  -3  -4  -5  -5  -5   5   4  -4   1  -1  -5  -4  -3  -4  -3   1    0   0   0   0   0   0   0   0   0  51  47   0   1   0   0   0   0   0   0   1  0.97 0.25
  140 Y    -4  -4  -4  -6  -2  -4  -4  -5   0  -4  -2  -4  -3   2  -5  -3  -4   0   9  -4    0   0   0   0   1   0   0   0   1   0   2   0   0   5   0   1   0   0  90   0  2.19 0.43
  141 L    -3  -4  -5  -5  -3  -3  -4  -5  -4   2   5  -4   5  -1  -5  -3  -3  -3  -3   0    0   0   0   0   0   0   0   0   0   7  71   0  19   0   0   1   0   0   0   2  0.99 0.26
  142 C    -2   5  -2  -1   3   0   1  -3  -2  -4  -3   4  -3  -4  -3  -1  -2  -4  -3  -4    0  40   0   2   8   2   9   1   0   1   1  34   0   0   0   1   1   0   0   0  0.79 0.22
  143 L    -1  -3  -3  -4  -1  -3  -4  -4  -4   4   2  -3   1  -1  -3  -2   2  -3  -2   3    2   0   0   0   1   0   0   0   0  27  23   0   3   1   0   1  16   0   0  26  0.47 0.16
  144 K    -3   3  -2  -3  -5  -1  -1  -3  -3  -4  -4   7  -3  -5  -3  -2  -3  -5  -4  -4    0  14   1   0   0   0   0   0   0   1   0  84   0   0   0   0   0   0   0   0  1.41 0.35
  145 D    -2  -3   0   3  -4  -1  -2   6  -3  -5  -5  -1  -4  -5  -2  -2  -3  -5  -5  -5    0   0   3  22   0   3   1  67   0   0   0   3   0   0   1   1   0   0   0   0  1.14 0.26
  146 E    -2   4   2  -1  -5   4   0  -3  -1  -4  -3   4  -1  -4  -3  -1  -2  -4  -3  -3    0  30  12   1   0  20   2   0   0   0   1  31   2   0   0   1   1   0   0   0  0.72 0.21
  147 R    -3   7  -2  -3  -5   1  -1   2  -2  -5  -4   1  -3  -5  -1  -2  -3  -5  -4  -4    0  69   1   0   0   7   1  16   0   0   0   4   0   0   2   0   0   0   0   0  1.11 0.28
  148 N     0  -2   1   5  -5   1   5  -3  -2  -4  -4  -1  -4  -5  -2  -1  -2  -5  -3  -3    7   0   5  37   0   5  40   0   0   0   0   1   0   0   1   1   1   0   1   1  0.84 0.22
  149 I    -3  -5  -5  -5  -3  -5  -5  -6  -5   7   0  -5   0  -2  -5  -4  -3  -4  -2   2    0   0   0   0   0   0   0   0   0  87   2   0   0   1   0   0   0   0   1   9  1.37 0.33
  150 P    -3  -5  -4  -4  -5  -4  -4  -5  -5  -5  -4  -3  -5  -6   9  -3  -3  -6  -5  -5    0   0   0   0   0   0   0   0   0   0   1   0   0   0  98   1   0   0   0   0  2.82 0.46
  151 L    -3  -4  -5  -6  -3  -4  -5  -6  -5   1   6  -4   1  -1  -5  -4  -3  -4  -3   0    0   0   0   0   0   0   0   0   0   4  94   0   0   0   0   0   0   0   0   1  1.25 0.31
  152 T    -2  -3  -1  -3  -3  -3  -3  -4  -4  -2  -3  -3  -3  -4  -3   0   7  -5  -4  -2    0   0   2   0   0   0   0   0   0   1   0   0   0   0   0   4  92   0   0   0  1.51 0.39
  153 P    -3   7  -2  -3  -3   1  -2   1  -1  -5  -4   1  -3  -5   0  -2  -3  -5  -3  -4    0  73   0   0   1   4   0  12   1   0   0   2   0   0   5   1   0   0   1   0  1.16 0.30
  154 V    -1  -4  -4  -4  -2  -4  -4  -4  -4   4   0  -4  -1  -2  -4  -3   2  -4  -3   5    4   0   0   0   0   0   0   0   0  31   0   0   0   1   0   0  12   0   0  52  0.76 0.23
  155 Q    -1  -4  -2   2  -5  -2  -1   6  -4  -6  -6  -3  -5  -5  -4  -2  -3  -5  -5  -5    1   0   0  12   0   1   4  81   0   0   0   0   0   0   0   1   0   0   0   0  1.41 0.30
  156 E    -2  -1  -2   0  -5   7   4  -4  -2  -5  -4  -1  -3  -5  -3  -2  -3  -4  -4  -4    1   1   1   2   0  63  32   0   0   0   0   1   0   0   0   0   0   0   0   0  1.33 0.34
  157 P    -3  -4   3  -2  -5  -3  -3  -4  -4  -5  -4  -2  -5  -6   8  -3  -3  -6  -4  -5    0   0  16   1   0   0   0   0   0   0   1   1   0   0  80   0   1   0   1   0  2.12 0.38
  158 T    -3  -3  -4  -5  -3  -3  -4  -5  -4   3   5  -3   4   0  -4  -3  -1  -3  -2   0    0   0   0   0   0   1   0   0   0  15  62   0  15   2   0   1   2   0   0   1  0.77 0.22
  159 A     0  -2  -1  -2  -2  -2  -2  -2  -3  -2   0  -2   0  -3   2   3   5  -4  -3  -2    7   0   0   0   0   0   0   1   0   1   8   0   2   0  10  25  44   0   0   0  0.56 0.21
  160 I    -3  -4  -5  -5  -3  -4  -4  -5  -4   2   5  -4   1  -1   1  -3  -3  -3  -2   0    0   0   0   0   0   0   0   0   0  11  78   0   0   0   9   1   0   0   0   1  0.91 0.25
  161 S     1   3   0  -1  -3   2   1  -1  -1  -3  -3   1  -2  -4  -2   3   0  -4  -2  -3   10  17   2   1   0   9  11   3   1   0   0  10   0   0   0  30   5   0   1   0  0.36 0.14
  162 N    -2  -2  -1   3  -5   1   6  -4  -2  -4  -5   0  -4  -5  -3  -2  -2  -5  -4  -4    2   0   1  12   0   4  76   0   0   0   0   3   0   0   0   0   1   0   0   1  1.23 0.31
  163 L    -3  -4  -5  -5  -3  -4  -5  -5  -5   5   3  -4   3  -1  -4  -4  -2  -4  -3   2    0   0   0   0   0   0   0   0   0  53  34   0   6   0   0   0   0   0   0   7  0.86 0.23
  164 E    -3  -2  -2  -1  -6   0   7  -4  -2  -6  -5  -1  -4  -6  -3  -2  -3  -5  -4  -5    0   0   0   0   0   0 100   0   0   0   0   0   0   0   0   0   0   0   0   0  1.89 0.42
  165 E    -2   0   4   0  -4   3   2  -2  -1  -2  -3   3  -2  -4  -3   0   2  -4  -3  -2    1   1  25   2   0  13  16   0   0   3   0  21   0   0   0   2  13   0   0   2  0.45 0.17
  166 E    -3   0  -2  -2  -5   7   2  -4  -2  -4  -4   4  -3  -5  -3  -2  -2  -4  -3  -4    0   2   0   1   0  61   9   0   0   0   1  24   0   0   0   0   1   0   0   0  1.17 0.32
  167 A     5  -3  -3  -3  -3  -3  -3   4  -4  -4  -4  -3  -3  -4  -3  -1  -2  -4  -4  -2   71   0   0   0   0   0   0  28   0   0   0   0   0   0   0   0   0   0   0   1  1.03 0.29
  168 T     5  -3  -2  -3  -2  -2  -2  -2  -3  -2  -3  -2  -3  -4  -3   2   1  -4  -3  -1   71   0   1   0   0   0   0   0   0   1   0   1   0   0   0  16   8   0   0   1  0.84 0.27
  169 D    -2  -2  -2   1  -5   1   6  -3  -2  -4  -5  -1  -4  -5  -3   0  -2  -5  -4  -4    0   1   0   6   0   5  78   1   0   0   0   1   0   0   0   7   1   0   0   0  1.21 0.31
  170 L    -3  -4  -5  -6  -3  -4  -5  -6  -5   1   6  -4   0  -1  -5  -4  -3  -2  -3  -1    0   0   0   0   0   0   0   0   0   6  93   0   0   0   0   1   0   0   0   0  1.23 0.30
  171 A     7  -4  -4  -4  -2  -3  -3  -2  -4  -3  -4  -3  -3  -4  -3  -1  -2  -5  -4  -2   99   0   0   0   0   0   0   0   0   0   0   0   0   0   0   0   0   0   0   1  1.44 0.37
  172 K    -2   5   2  -2  -4   1  -1  -2  -1  -4  -3   3  -3  -3  -3   0  -2  -3   2  -4    0  42  10   0   0   7   0   1   0   0   0  24   0   0   0   4   0   0  10   0  0.71 0.21
  173 F    -5  -5  -5  -6  -5  -6  -6  -6  -4  -2  -1  -5  -2   9  -6  -5  -4  -1   1  -3    0   0   0   0   0   0   0   0   0   0   3   0   0  95   0   0   0   0   1   0  2.14 0.41
  174 L    -3  -4  -5  -6  -3  -4  -5  -6  -5   0   6  -4   1  -1  -5  -4  -3  -4  -3  -1    0   0   0   0   0   0   0   0   0   2  97   0   0   0   0   0   0   0   0   0  1.33 0.32
  175 D    -1   3   0  -1  -4   4   1   3   0  -4  -4   0  -3  -4  -3  -1  -1  -4  -3  -4    2  16   4   2   0  32   5  29   1   0   0   4   0   0   0   2   2   0   0   0  0.58 0.19
  176 L    -2  -5  -5  -5  -3  -4  -5  -5  -5   2  -1  -4  -1  -3  -4  -4  -2  -5  -3   7    0   0   0   0   0   0   0   0   0   6   2   0   0   0   0   0   0   0   0  92  1.34 0.34
  177 R    -1  -2  -1  -2  -3  -1  -2  -2  -3   0  -3  -2  -2  -3   6   3  -1  -5  -4  -1    2   1   3   1   0   1   0   1   0   7   0   0   0   1  44  33   1   0   0   5  0.94 0.24
  178 L    -3  -4  -5  -5  -3  -4  -5  -5  -5   4   5  -4   1  -1  -5  -4  -3  -4  -3   1    0   0   0   0   0   0   0   0   0  26  69   0   1   0   0   0   0   0   0   4  0.94 0.24
  179 E    -3  -2  -2   0  -6   0   7  -4  -2  -6  -5  -1  -4  -6  -3  -2  -3  -5  -4  -5    0   0   0   1   0   0  99   0   0   0   0   0   0   0   0   0   0   0   0   0  1.83 0.40
  180 N    -2  -4  -1  -3  -5  -4  -4   7  -4  -6  -6  -3  -5  -5  -4  -2  -3  -5  -5  -5    0   0   3   0   0   0   0  97   0   0   0   0   0   0   0   0   0   0   0   0  1.87 0.33
  181 L    -3  -4  -5  -5  -3  -4  -4  -5  -4   3   5  -4   1   2  -4  -4  -2  -3  -2   0    0   0   0   0   0   0   0   0   0  19  70   0   2   8   0   0   0   0   0   1  0.83 0.21

                      K         Lambda
Standard Ungapped    0.1430     0.3233
Standard Gapped      0.0680     0.2670
PSI Ungapped         0.2221     0.3172
PSI Gapped           0.0680     0.2670
