
Last position-specific scoring matrix computed, weighted observed percentages rounded down, information per position, and relative weight of gapless real matches to pseudocounts
            A   R   N   D   C   Q   E   G   H   I   L   K   M   F   P   S   T   W   Y   V   A   R   N   D   C   Q   E   G   H   I   L   K   M   F   P   S   T   W   Y   V
    1 M    -2  -2  -3  -4  -2  -1  -3  -4  -3   0   1  -2   9  -1  -4  -2  -2  -2  -2   0    0   0   0   0   0   0   0   0   0   0   0   0 100   0   0   0   0   0   0   0  1.10 0.16
    2 V    -1  -2  -1  -2  -2  -1  -2  -2  -2  -1  -2  -1  -1  -3  -2   1   6  -3  -2   0    0   0   0   0   0   0   0   0   0   2   0   0   0   0   0   5  86   0   0   7  0.68 0.11
    3 M    -2  -3  -4  -4  -2  -3  -3  -4  -3   1   5  -3   3   0  -4  -3  -2  -2  -2   0    0   0   0   0   0   0   0   0   0   0  92   0   7   1   0   0   0   0   0   1  0.67 0.09
    4 N    -2  -1   7   1  -3   0  -1  -1   0  -4  -4   0  -3  -4  -3   0  -1  -4  -3  -4    0   0  90   0   0   4   0   0   1   0   0   4   0   0   0   2   0   0   0   0  1.02 0.12
    5 I    -2  -3  -4  -4  -2  -3  -4  -4  -4   3   4  -3   1   0  -3  -3  -1  -2  -2   1    0   0   0   0   0   0   0   0   0  33  65   0   0   0   0   0   0   0   0   2  0.54 0.07
    6 R    -1   4  -2  -3   9  -2  -3  -3  -2  -3  -2  -1  -2  -3  -3  -1  -2  -3  -3  -2    0  34   0   0  64   0   0   0   0   0   0   0   0   0   0   2   0   0   0   0  1.14 0.12
    7 V    -1  -3  -4  -4  -1  -3  -3  -4  -4   2   0  -3   0  -1  -3  -2  -1  -4  -2   5    0   0   0   0   0   0   0   0   0   4   0   0   0   0   0   0   0   0   0  96  0.67 0.10
    8 L    -2  -3  -4  -4  -2  -3  -4  -4  -4   3   4  -3   1   0  -3  -3  -2  -2  -2   1    0   0   0   0   0   0   0   0   0  27  73   0   0   0   0   0   0   0   0   0  0.57 0.07
    9 T     2  -2  -1  -2  -1  -1  -1  -2  -2  -1  -2  -1  -1  -3  -2   1   5  -3  -2  -1   29   0   0   0   0   0   0   0   0   0   0   0   0   0   0   0  71   0   0   0  0.57 0.09
   10 P    -2  -3  -3  -2  -4  -2  -2  -3  -3  -4  -4  -2  -3  -5   8  -2  -2  -5  -4  -3    0   0   0   0   0   0   0   0   0   0   0   0   0   0 100   0   0   0   0   0  2.37 0.14
   11 D    -2  -1   6   4  -4  -1   0  -1   0  -4  -4  -1  -3  -4  -3   0  -1  -5  -3  -4    0   0  66  34   0   0   0   0   0   0   0   0   0   0   0   0   0   0   0   0  0.93 0.10
   12 R    -2   6  -1  -2  -4   1  -1  -3  -1  -4  -3   2  -2  -4  -3  -1  -1  -3  -2  -3    0  86   0   0   0   2   0   0   0   0   0  10   0   0   0   0   2   0   0   0  0.99 0.11
   13 V    -1  -3  -3  -3  -2  -3  -3  -4  -3   5   1  -2   0  -1  -3  -1   2  -3  -2   2    0   0   0   0   0   0   0   0   0  66   0   2   0   0   0   2  22   0   0   8  0.40 0.07
   14 I    -1  -3  -4  -4  -1  -3  -3  -3  -4   3   0  -3   0  -1  -3  -2  -1  -4  -2   5    0   0   0   0   0   0   0   1   0  16   0   0   0   0   0   0   0   0   0  84  0.59 0.09
   15 C    -3  -4  -5  -5   3  -3  -4  -4  -3  -3  -2  -4  -2   0  -5  -4  -3  12   1  -4    0   0   0   0   7   0   0   0   0   0   1   0   0   0   0   0   0  91   1   0  2.80 0.18
   16 S    -2  -2   2   6  -4  -1   1  -2  -2  -4  -4  -1  -4  -4  -2   0  -1  -5  -4  -4    0   0   9  83   0   0   1   0   0   0   0   0   0   0   0   7   0   0   0   0  1.05 0.10
   17 T     3  -2   0  -1  -1  -1  -1  -1  -2  -2  -3  -1  -2  -2  -1   4   1  -3  -2  -2   28   0   0   0   0   0   0   0   0   0   0   0   0   1   0  64   7   0   0   0  0.50 0.08
   18 T    -1  -1   2   1  -4   1   5  -2  -1  -4  -3   1  -2  -4  -2   0   0  -4  -3  -3    0   0  17   1   0   0  66   1   0   0   0   4   0   0   0   5   7   0   0   0  0.63 0.08
   19 A     3  -3  -3  -3  -1  -2  -2  -2  -3   1   0  -2   0  -2  -2  -1  -1  -3  -2   4   34   0   0   0   0   0   0   0   0   1   0   0   0   0   0   0   0   0   0  65  0.40 0.08
   20 D    -1   1   1   1  -4   2   3  -2  -1  -3  -3   4  -2  -4  -2  -1  -1  -4  -3  -3    0   0   5   8   0   5  24   0   0   0   0  58   0   0   0   0   0   0   0   0  0.56 0.07
   21 E    -2  -1  -1   1  -5   1   6  -2  -1  -4  -4   0  -3  -4  -2  -1  -2  -4  -3  -3    0   0   0   0   0   0  98   2   0   0   0   0   0   0   0   0   0   0   0   0  1.06 0.12
   22 V    -2  -4  -4  -4  -2  -3  -4  -4  -4   5   1  -3   1  -1  -3  -3  -1  -3  -2   3    0   0   0   0   0   0   0   0   0  76   1   0   1   0   0   0   1   0   0  22  0.61 0.09
   23 V    -2  -3  -4  -4  -2  -3  -4  -4  -4   6   1  -3   1  -1  -3  -3  -1  -3  -2   3    0   1   0   0   0   0   0   0   0  87   1   0   0   1   0   0   0   0   0  10  0.66 0.10
   24 L    -2  -3  -4  -4  -2  -3  -4  -4  -4   1   5  -3   2   0  -4  -3  -2  -2  -2   0    0   0   0   0   0   0   0   0   0   0  99   0   0   0   0   0   0   0   0   1  0.73 0.09
   25 P     0  -2  -1  -1  -1  -1  -1  -2  -2  -3  -3  -1  -2  -3   6   4   0  -4  -2  -3    2   0   0   0   1   0   0   0   0   0   0   0   0   0  41  55   0   0   1   0  0.90 0.09
   26 G     0  -2   0  -1  -2  -1  -1   0  -2  -2  -2  -1  -2  -3  -2   3   5  -3  -2  -1    1   0   0   0   0   0   0   7   0   0   0   0   0   0   0  28  64   0   0   0  0.54 0.09
   27 L    -1  -1   6   0  -3  -1  -1  -1   0  -3  -2  -1  -2  -3  -2   2   0  -4  -3  -3    0   0  64   1   0   0   0   0   0   0   7   0   0   0   0  27   1   0   0   0  0.63 0.09
   28 T     0  -1   1  -1  -1  -1  -1  -1  -2  -2  -3  -1  -2  -3  -2   4   4  -3  -2  -2    0   0   4   0   0   0   0   0   0   0   0   0   0   0   0  62  35   0   0   0  0.56 0.09
   29 G     0  -3  -1  -2  -3  -3  -3   6  -3  -5  -5  -2  -4  -4  -3  -1  -2  -3  -4  -4    0   0   0   0   0   0   0 100   0   0   0   0   0   0   0   0   0   0   0   0  1.37 0.11
   30 Q    -2   0  -1  -1  -4   7   1  -3   0  -4  -3   1  -1  -4  -2  -1  -2  -3  -2  -3    0   0   0   0   0  98   1   0   0   0   1   1   0   0   0   0   0   0   0   0  1.13 0.14
   31 V    -2  -3  -4  -4  -2  -3  -4  -4  -4   5   3  -3   1   0  -3  -3  -1  -3  -2   2    0   0   0   0   0   0   0   0   0  64  27   0   0   0   0   0   0   0   0   9  0.53 0.07
   32 G     0  -3  -1  -2  -3  -3  -3   6  -3  -5  -5  -2  -4  -4  -3  -1  -2  -3  -4  -4    0   0   0   0   0   0   0 100   0   0   0   0   0   0   0   0   0   0   0   0  1.37 0.11
   33 V    -1  -3  -4  -4  -1  -3  -3  -4  -4   4   1  -3   1  -1  -3  -3  -1  -3  -2   4    0   0   0   0   0   0   0   0   0  41   2   0   0   0   0   0   0   0   0  58  0.54 0.08
   34 L    -2  -3  -4  -4  -2  -3  -4  -4  -4   1   5  -3   2   0  -4  -3  -2  -2  -2   0    0   0   0   0   0   0   0   0   0   0  99   0   0   0   0   0   0   0   0   0  0.72 0.09
   35 D    -1  -1  -2   0  -3  -1  -1  -2  -2  -3  -3   1  -2  -4   7   0   1  -4  -3  -2    1   1   0   7   0   2   0   0   0   0   1   9   0   0  62   2  15   0   0   0  1.18 0.08
   36 G    -1  -2   6   0  -3  -1  -1   4  -1  -4  -4  -1  -3  -4  -3   0  -1  -4  -3  -4    0   0  64   1   0   0   0  34   0   0   0   1   0   0   0   0   0   0   0   0  0.82 0.09
   37 H    -3  -1   0  -2  -4   0  -1  -3   9  -4  -4  -2  -3  -2  -3  -2  -3  -3   1  -4    0   0   0   0   0   0   0   0 100   0   0   0   0   0   0   0   0   0   0   0  1.66 0.16
   38 A     4  -2  -2  -3  -1  -2  -2  -1  -3   2  -1  -2  -1  -2  -2   0  -1  -3  -2   1   75   0   0   0   0   0   0   0   0  23   0   0   0   0   0   0   0   0   0   2  0.43 0.08
   39 A     0  -3  -3  -2  -3  -2  -2  -3  -3  -4  -4  -2  -3  -4   8  -1  -2  -5  -4  -3    7   0   0   0   0   0   0   0   0   0   0   0   0   0  91   2   0   0   0   0  2.04 0.13
   40 L    -2  -3  -4  -4  -2  -3  -4  -4  -4   4   3  -3   1   0  -3  -3  -1  -3  -1   2    0   0   0   0   0   0   0   0   0  62  33   0   0   0   0   0   1   0   1   2  0.51 0.07
   41 I     4  -2  -3  -3  -1  -2  -2  -1  -3   1   2  -2   0  -2  -2   0  -1  -3  -2   0   66   0   0   0   0   0   0   0   0   7  27   0   0   0   0   0   0   0   0   0  0.34 0.07
   42 T    -1  -2  -1  -2  -2  -1  -2  -2  -2  -1  -2  -1  -1  -3  -2   1   6  -3  -2  -1    0   0   0   0   0   0   0   0   0   0   0   0   1   0   0   2  97   0   0   0  0.85 0.12
   43 A     5  -2  -2  -2  -1  -1  -2   0  -2  -2  -2  -1  -2  -3  -1   1  -1  -3  -3  -1   99   0   0   0   0   0   0   1   0   0   0   0   0   0   0   0   0   0   0   0  0.71 0.11
   44 L    -1  -3  -4  -4  -1  -3  -3  -4  -4   3   3  -3   1  -1  -3  -2  -1  -3  -2   4    0   0   0   0   0   0   0   0   0   8  31   0   0   0   0   0   0   0   0  61  0.46 0.07
   45 E    -2  -2   1   7  -4  -1   2  -2  -2  -4  -4  -1  -4  -4  -2  -1  -2  -5  -4  -4    0   0   0  93   0   0   7   0   0   0   0   0   0   0   0   0   0   0   0   0  1.24 0.11
   46 T    -2  -4  -4  -4  -2  -3  -4  -4  -4   6   1  -3   1  -1  -3  -3   0  -3  -2   2    0   0   0   0   0   0   0   0   0  92   0   0   1   0   0   0   7   0   0   0  0.66 0.10
   47 G     0  -3  -1  -1  -3  -3  -3   6  -3  -5  -5  -2  -3  -4  -3  -1  -2  -3  -4  -4    0   0   0   1   0   0   0  99   0   0   0   0   0   0   0   0   0   0   0   0  1.34 0.11
   48 L    -1  -3  -4  -4  -2  -3  -4  -4  -4   5   2  -3   1  -1  -3  -3  -1  -3  -2   3    0   0   0   0   0   0   0   0   0  62  10   0   0   0   0   0   1   0   0  27  0.52 0.07
   49 L    -2  -3  -4  -4  -2  -2  -3  -4  -3   1   4  -3   5   0  -3  -3  -2  -2  -2   0    0   0   0   0   0   0   0   0   0   0  72   0  27   1   0   0   0   0   0   0  0.60 0.08
   50 R    -2   7  -1  -2  -4   0  -1  -3  -1  -4  -3   2  -2  -4  -3  -1  -2  -4  -2  -3    0  93   0   0   0   0   0   0   0   0   0   7   0   0   0   0   0   0   0   0  1.10 0.12
   51 I    -1  -4  -4  -4  -2  -3  -4  -4  -4   5   1  -3   1  -1  -3  -3  -1  -3  -2   3    0   0   0   0   0   0   0   0   0  70   1   0   1   0   0   0   0   0   0  28  0.59 0.08
   52 K    -2   7  -1  -2  -2   0  -1  -3   0  -4  -3   2  -2  -4  -3  -1  -2  -4  -2  -3    0  89   0   0   1   0   0   0   1   0   0   9   0   0   0   0   0   0   0   0  1.02 0.11
   53 L    -2  -3  -4  -4  -2  -2  -3  -4  -3   3   4  -3   1   1  -3  -3  -2  -2  -1   1    0   1   0   0   0   1   0   0   0  26  65   0   0   5   0   0   0   0   0   3  0.48 0.06
   54 N    -2  -1   6   3  -3   0   1  -1   0  -3  -4   1  -3  -4  -2   0   0  -4  -3  -3    1   0  65  14   0   0   6   0   0   0   0  11   0   0   0   0   3   0   0   0  0.70 0.08
   55 D    -2   0   1   6  -4   0   1   0  -1  -4  -4   2  -3  -4  -2  -1  -1  -4  -3  -3    1   2   3  63   0   0   1   5   0   0   0  26   0   0   0   0   0   0   0   0  0.72 0.08
   56 K    -1   1  -1   0  -4   6   3  -3   0  -4  -3   2  -2  -4  -2  -1  -1  -3  -2  -3    0   3   0   3   0  61  25   0   0   0   0   8   0   0   0   0   0   0   0   0  0.74 0.09
   57 W    -4  -3  -5  -6  -4  -3  -4  -4  -4  -4  -3  -4  -3   0  -5  -4  -4  12   1  -4    0   1   0   0   0   0   0   0   0   0   0   0   0   0   0   0   0  99   0   0  3.14 0.19
   58 T    -1  -2  -2  -3  -2   1  -2  -3  -2   1   3  -1   1   0  -3  -1   0  -2  -2   1    0   0   0   0   0  13   0   0   0   7  54   4   2   1   0   2   7   0   0  10  0.25 0.05
   59 P    -1  -2  -1  -2  -2  -1  -2  -2  -2  -2  -2  -1  -1  -3   5   0   5  -4  -3  -1    1   0   0   0   0   0   0   0   0   0   0   2   1   0  35   0  61   0   0   0  0.83 0.09
   60 I    -2  -3  -3  -4  -2  -2  -3  -4  -3   4   1  -3   6  -1  -3  -3  -1  -3  -2   2    0   0   0   0   0   0   0   0   0  38   2   0  55   0   0   0   0   0   0   4  0.60 0.10
   61 I     4  -2  -3  -3  -1  -2  -2  -1  -3   2  -1  -2   0  -2  -2   0   0  -3  -2   1   63   0   0   0   0   0   0   0   0  27   0   0   0   0   0   0   2   0   0   8  0.35 0.07
   62 L    -2  -3  -4  -4  -2  -3  -4  -4  -4   1   5  -3   2   0  -4  -3  -2  -2  -2   0    0   0   0   0   0   0   0   0   0   0 100   0   0   0   0   0   0   0   0   0  0.74 0.10
   63 C    -2  -2  -3  -4   2  -2  -3  -4  -3   1   3  -2   7   0  -3  -2  -2  -2  -2   0    0   0   0   0   7   0   0   0   0   0  22   0  69   2   0   0   0   0   0   0  0.68 0.11
   64 G     0  -3  -1  -2  -3  -3  -3   6  -3  -5  -5  -2  -3  -4  -3  -1  -2  -3  -4  -4    0   0   0   0   0   0   0  99   0   0   0   0   0   0   0   1   0   0   0   0  1.35 0.11
   65 G     0  -3  -1  -2  -3  -3  -3   6  -3  -5  -5  -2  -4  -4  -3  -1  -2  -3  -4  -4    0   0   0   0   0   0   0 100   0   0   0   0   0   0   0   0   0   0   0   0  1.37 0.11
   66 L    -3  -4  -4  -4  -2  -4  -4  -4  -2  -1   1  -4   0   7  -4  -3  -3   0   2  -1    0   0   0   0   1   0   0   0   0   0   7   0   0  92   0   0   0   0   0   0  1.12 0.12
   67 A     5  -2  -2  -3  -1  -1  -2   0  -2  -2  -2  -1  -2  -3  -1   1  -1  -3  -3  -1  100   0   0   0   0   0   0   0   0   0   0   0   0   0   0   0   0   0   0   0  0.72 0.11
   68 E    -2   6  -1  -1  -4   1   3  -3  -1  -4  -3   1  -2  -4  -2  -1  -2  -3  -2  -3    0  66   0   0   0   0  34   0   0   0   0   0   0   0   0   0   0   0   0   0  0.81 0.10
   69 I    -2  -4  -4  -4  -2  -3  -4  -4  -4   5   1  -3   1  -1  -3  -3  -1  -3  -2   3    0   0   0   0   0   0   0   0   0  84   0   0   0   0   0   0   0   0   0  16  0.66 0.09
   70 D    -1  -1   1   2  -3  -1   1   5  -2  -4  -4   0  -3  -4  -2   0  -2  -3  -3  -4    0   1   6  11   0   0  12  61   0   0   0   8   0   0   0   1   0   0   0   0  0.66 0.06
   71 R    -2   1   7   2  -4   0  -1  -1   0  -4  -4   0  -3  -4  -3   0  -1  -4  -3  -4    0   7  82   7   0   0   0   0   1   0   0   3   0   0   0   1   0   0   0   0  0.91 0.11
   72 D    -2  -1   7   2  -4  -1  -1  -1   0  -4  -4  -1  -3  -4  -3   0  -1  -5  -3  -4    0   0  91   9   0   0   0   0   0   0   0   0   0   0   0   0   0   0   0   0  1.10 0.12
   73 R    -1   1   2   1  -4   1   5  -2  -1  -3  -3   1  -2  -4  -2   0   0  -4  -3  -3    1   7  16   1   0   2  61   0   0   0   0   5   0   0   0   0   6   0   0   1  0.57 0.07
   74 V    -2  -4  -4  -4  -2  -3  -4  -4  -4   6   1  -3   1  -1  -3  -3  -1  -3  -2   3    0   0   0   0   0   0   0   0   0  88   4   0   0   0   0   0   0   0   0   8  0.68 0.10
   75 T    -1  -2  -1  -2  -2  -1  -2  -2  -3  -1  -2  -1  -1  -3  -2   1   6  -3  -2  -1    0   0   0   0   0   0   0   0   0   1   1   0   0   0   0   0  98   0   0   1  0.85 0.12
   76 V    -1  -3  -4  -4  -2  -3  -4  -4  -4   5   1  -3   1  -1  -3  -3  -1  -3  -2   4    0   0   0   0   0   0   0   0   0  56   1   0   0   0   0   0   0   0   0  43  0.56 0.08
   77 L    -2  -3  -4  -4  -2  -3  -4  -4  -4   1   5  -3   2   0  -4  -3  -2  -2  -2   0    0   0   0   0   0   0   0   0   0   0 100   0   0   0   0   0   0   0   0   0  0.74 0.10
   78 V    -1  -3  -4  -4  -2  -3  -3  -2  -4   2   0  -3   0  -2  -3  -2  -1  -4  -2   5    0   0   0   0   0   0   0   3   0   0   0   0   0   0   0   0   0   0   0  97  0.64 0.11
   79 N    -2  -1   7   1  -4  -1  -1  -1   0  -4  -4  -1  -3  -4  -3   0  -1  -5  -3  -4    0   0 100   0   0   0   0   0   0   0   0   0   0   0   0   0   0   0   0   0  1.22 0.13
   80 D    -2  -2   0   6  -4  -1   1   3  -1  -4  -4  -1  -4  -4  -2  -1  -2  -4  -4  -4    0   0   0  69   0   0   3  27   1   0   0   0   0   0   0   0   0   0   0   0  0.87 0.09
   81 V     5  -2  -2  -3  -1  -2  -2  -1  -2  -1  -2  -1  -1  -3  -2   0  -1  -3  -2   0   92   0   0   0   0   0   0   0   0   0   0   0   0   0   0   0   0   0   0   8  0.61 0.10
   82 E    -2  -1  -1   1  -5   1   6  -3  -1  -4  -4   0  -3  -4  -2  -1  -2  -4  -3  -3    0   0   0   0   0   0 100   0   0   0   0   0   0   0   0   0   0   0   0   0  1.11 0.12
   83 E    -1   2   0   0  -4   1   3  -2  -1  -2  -3   5  -1  -4  -2  -1   0  -3  -2  -2    0   6   2   0   0   2  23   0   0   2   0  60   1   0   0   0   4   0   0   0  0.52 0.07
   84 L     1  -2  -1  -2  -2  -2  -2   4  -2   0  -1  -2  -1  -2  -2   1   0  -3  -3   0    9   0   1   0   0   0   0  50   0   6   7   0   0   0   0  16   4   0   0   6  0.41 0.05
   85 T     0  -1   1   0  -2   0  -1   0  -1  -2  -3  -1  -2  -3  -2   5   2  -3  -2  -2    0   2   3   2   0   2   0   2   0   1   0   1   0   0   0  78   9   0   0   0  0.53 0.09
   86 D    -2  -2   1   6  -4   0   2  -2  -1  -4  -4   0  -3  -4  -2   0  -1  -4  -3  -4    0   0   0  76   0   2  12   1   0   0   0   3   0   0   0   3   2   0   0   0  0.92 0.09
   87 I    -2  -4  -4  -4  -2  -4  -4  -5  -4   6   1  -4   1  -1  -4  -3  -1  -3  -2   2    0   0   0   0   0   0   0   0   0 100   0   0   0   0   0   0   0   0   0   0  0.79 0.11
   88 G    -2  -2   3   6  -4  -1   1   0  -1  -4  -4  -1  -4  -4  -2  -1  -2  -5  -4  -4    0   0  14  78   0   0   2   7   0   0   0   0   0   0   0   0   0   0   0   0  0.98 0.09
   89 L    -1  -3  -3  -2  -3  -1  -2  -3  -3   1   1  -2   0  -2   6  -1  -1  -3  -3  -1    4   0   0   0   0   2   0   0   0  11  19   0   2   0  56   5   2   0   0   0  0.96 0.07
   90 S    -1   0   1   1  -3   5   2  -2   0  -4  -3   1  -1  -4  -2   1  -1  -3  -2  -3    0   0   7   4   0  60  13   0   0   0   0   4   0   0   0  12   0   0   0   0  0.63 0.09
   91 E    -1  -1   0   1  -4   1   6  -3  -1  -2  -3   0  -2  -4  -2   0   0  -4  -3  -3    2   0   2   1   0   0  84   0   0   3   0   0   0   0   0   2   7   0   0   0  0.79 0.10
   92 A     5  -2  -2  -3  -1  -1  -2   0  -2  -2  -2  -1  -2  -3  -2   1  -1  -3  -2   0   96   0   0   0   0   0   0   0   0   0   0   0   0   0   0   0   0   0   0   4  0.67 0.10
   93 T    -1   2  -1  -1  -4   6   1  -3   0  -3  -3   1  -1  -4  -2  -1   0  -3  -2  -3    0   9   0   0   0  77   2   0   0   0   1   4   0   0   0   0   7   0   0   1  0.79 0.11
   94 Q    -1   0   0   1  -4   6   2  -2   0  -3  -3   2  -1  -4  -2   0  -1  -3  -2  -3    0   0   4   5   0  62  10   0   0   1   0  11   0   0   0   5   0   0   0   0  0.63 0.09
   95 E     0  -1   3   0  -2  -1   0  -2  -1  -1  -2  -1  -2  -3  -2   1   4  -3  -2  -1    3   0  23   3   0   0   7   0   0   2   0   0   0   0   0   2  60   0   0   0  0.46 0.08
   96 L    -2  -3  -4  -4  -2  -3  -4  -4  -4   1   5  -3   2   0  -4  -3  -2  -2  -2   0    0   0   0   0   0   0   0   0   0   0 100   0   0   0   0   0   0   0   0   0  0.74 0.10
   97 E    -2  -1   0   1  -4   2   6  -2  -1  -4  -3   1  -3  -4  -2  -1  -2  -4  -3  -3    0   0   2   2   0   2  89   1   0   0   1   4   0   0   0   0   0   0   0   0  0.93 0.11
   98 K    -2  -1  -2  -2  -2   1   0  -3  -2   4   1   1   1  -1  -3  -2   0  -3  -2   1    0   1   0   0   0   9   6   0   0  58   4  18   2   0   0   0   3   0   0   0  0.23 0.06
   99 A     5  -2  -2  -2  -1  -1  -2   0  -2  -2  -2  -1  -2  -3  -1   1   0  -3  -3  -1   99   0   0   0   0   0   0   0   0   0   0   0   0   0   0   0   1   0   0   0  0.71 0.11
  100 T    -1  -1   0   0  -3   1   5  -2  -1  -2  -3   0  -2  -3  -2   0   3  -3  -2  -2    0   0   3   0   0   0  62   0   0   2   0   4   0   0   0   2  27   0   0   0  0.56 0.08
  101 L     3  -1   1   0  -1   0   0  -1  -2  -1  -1   0  -1  -2  -2   1   1  -3  -2   0   53   0   9   4   0   5   2   0   0   4   7   5   0   0   0   2   7   0   0   2  0.20 0.05
  102 A     0  -1   5   0  -3  -1  -1  -1   0  -1  -1   0  -1  -2  -2   0   0  -3  -1  -2   11   1  60   0   0   0   2   0   0   3   9   3   2   2   0   4   2   0   2   0  0.41 0.07
  103 V    -2  -3  -4  -4  -2  -3  -3  -4  -3   1   5  -3   2   0  -3  -3  -2  -2  -1   1    0   0   0   0   0   0   0   0   0   0  87   0   0   1   0   0   0   0   0  11  0.61 0.08
  104 E     1   4   1  -1  -3   0   1  -2  -1  -3  -3   2  -2  -3  -2   1   0  -3  -2  -2   12  35   7   0   0   0  12   0   0   1   0  13   0   0   0  17   3   0   0   0  0.35 0.04
  105 N    -1   2   2   0  -4   1   2  -2  -1  -3  -3   4  -2  -4  -2   0  -1  -4  -2  -3    0   6  10   2   0   2  19   0   0   0   0  60   0   0   0   2   0   0   0   0  0.53 0.07
  106 A     5  -2  -2  -3  -1  -1  -2   0  -2  -2  -2  -1  -2  -3  -1   1  -1  -3  -3  -1  100   0   0   0   0   0   0   0   0   0   0   0   0   0   0   0   0   0   0   0  0.72 0.11
  107 K    -1   0   0   1  -4   2   5  -2  -1  -4  -3   3  -2  -4  -2   0  -1  -3  -3  -3    0   0   2   2   0   5  63   1   0   0   0  22   0   0   0   2   2   0   0   0  0.64 0.08
  108 T     0  -2   0  -2  -2  -2  -2   5  -2  -3  -3  -2  -3  -3  -2   1   2  -3  -3  -3    0   0   2   0   0   0   0  65   0   0   0   0   0   0   0  13  20   0   0   0  0.73 0.07
  109 S    -1   1   3   0  -3   0   0  -2  -1  -3  -3   5  -2  -4  -1   1  -1  -4  -3  -3    0   2  19   3   0   0   0   0   0   0   0  66   0   0   2   8   0   0   0   0  0.54 0.08
  110 K    -2   6  -1  -2  -4   1   0  -3  -1  -4  -3   4  -2  -4  -2  -1  -2  -4  -2  -3    0  66   0   0   0   0   0   0   0   0   0  34   0   0   0   0   0   0   0   0  0.86 0.09
  111 E    -2   0   0   2  -4   6   3  -3   0  -4  -3   1  -2  -4  -2  -1  -1  -3  -2  -3    0   0   0   9   0  63  25   0   0   0   0   3   0   0   0   0   0   0   0   0  0.77 0.10
  112 R    -1   2  -1  -2  -2   0  -1  -2  -2   1  -1   3  -1  -2  -2   0   3  -3  -2   0    2  11   0   0   0   2   0   1   0  19   1  30   0   0   0   0  32   0   0   1  0.22 0.05
  113 L    -2  -4  -4  -4  -2  -4  -4  -5  -4   6   2  -3   1  -1  -4  -3  -1  -3  -2   2    0   0   0   0   0   0   0   0   0  93   7   0   0   0   0   0   0   0   0   0  0.72 0.10
  114 D    -2  -1  -1   2  -5   1   6  -3  -1  -4  -4   0  -3  -4  -2  -1  -2  -4  -3  -3    0   0   0   7   0   0  93   0   0   0   0   0   0   0   0   0   0   0   0   0  1.02 0.11
  115 A     5  -2  -2  -2  -1  -1  -2   0  -2  -2  -2  -1  -2  -3  -1   1  -1  -3  -3  -1   99   0   0   0   0   0   0   1   0   0   0   0   0   0   0   0   0   0   0   0  0.71 0.11
  116 S    -1  -1   6   0  -3  -1  -1  -1  -1  -3  -3  -1  -2  -3  -2   1   3  -4  -3  -2    2   0  63   0   0   0   0   1   0   0   0   0   0   0   0   7  27   0   0   0  0.67 0.09
  117 V    -2  -1  -3  -3  -2   3  -1  -4  -2   1   4  -1   1  -1  -3  -2  -1  -2  -2   1    0   0   0   0   0  27   0   0   0   0  65   0   0   1   0   0   0   0   0   7  0.38 0.07
  118 E     4  -1   2   0  -1  -1   0  -1  -1  -2  -2   0  -2  -3  -2   1   0  -3  -2  -1   63   0  20   2   0   0   7   0   0   0   0   2   0   0   0   3   2   0   0   2  0.36 0.07
  119 L    -2  -3  -4  -4  -2  -3  -4  -4  -4   2   5  -3   2   0  -3  -3  -2  -2  -2   1    0   0   0   0   0   0   0   0   0   4  89   0   0   0   0   0   0   0   0   7  0.62 0.08
  120 K    -2   7  -1  -2  -4   0  -1  -3  -1  -4  -3   2  -2  -4  -3  -1  -2  -4  -2  -3    0  92   0   0   0   0   0   0   0   0   0   8   0   0   0   0   0   0   0   0  1.09 0.12
  121 K    -2   6  -1  -2  -4   1   0  -3  -1  -4  -3   4  -2  -4  -2  -1  -2  -4  -2  -3    0  65   0   0   0   1   0   0   0   0   0  34   0   0   0   0   0   0   0   0  0.84 0.09
  122 A     5  -2  -2  -3  -1  -1  -2   0  -2  -2  -2  -1  -2  -3  -1   1  -1  -3  -3  -1  100   0   0   0   0   0   0   0   0   0   0   0   0   0   0   0   0   0   0   0  0.72 0.11
  123 T    -2   6  -1  -2  -4   0  -1  -3  -1  -4  -3   3  -2  -4  -3  -1   0  -3  -2  -3    0  81   0   0   0   0   0   0   0   0   0  12   0   0   0   0   7   0   0   0  0.89 0.10
  124 A     3  -2  -1  -2  -1  -1  -1  -1  -2  -1  -2  -1  -1  -3  -2   1   5  -3  -2  -1   39   0   0   0   0   0   0   0   0   0   0   0   1   0   0   0  60   0   0   0  0.51 0.09
  125 R    -2   7  -1  -2  -4   0  -1  -3  -1  -4  -3   2  -2  -4  -3  -1  -2  -4  -3  -3    0  97   0   0   0   0   0   0   0   0   0   3   0   0   0   0   0   0   0   0  1.15 0.12
  126 L    -1  -3  -4  -4  -1  -3  -3  -4  -4   3   2  -3   1  -1  -3  -2  -1  -3  -2   5    0   0   0   0   0   0   0   0   0  12  12   0   0   0   0   0   0   0   0  76  0.52 0.08
  127 E    -1   0  -1   1  -4   4   5  -3  -1  -4  -3   0  -2  -4  -2  -1  -1  -3  -3  -3    0   0   0   0   0  27  73   0   0   0   0   0   0   0   0   0   0   0   0   0  0.89 0.10
  128 A     5  -2  -2  -2  -1  -1  -2   0  -2  -2  -2  -1  -2  -3  -1   1   0  -3  -2   0   95   0   0   0   0   0   0   0   0   0   0   0   0   0   0   2   1   0   0   2  0.65 0.10
  129 V     1  -3  -3  -3  -1  -2  -3  -3  -3   4   1  -2   0  -1  -3  -1   0  -3  -2   2   20   0   0   0   0   0   0   0   0  55   5   0   0   1   0   3   2   0   0  14  0.31 0.06
  130 N    -1  -1   7   1  -3  -1  -1  -1   0  -4  -4  -1  -3  -4  -3   0   1  -4  -3  -3    2   0  86   1   0   0   0   0   0   0   0   0   0   0   0   1  10   0   0   0  0.95 0.11
  131 Y     2  -2  -2  -3  -1  -1  -2  -1  -2   1   0  -2   1  -1  -1   0   1  -2   1   3   26   0   0   0   0   1   1   2   0   3   1   0   5   1   1   1  10   0   7  41  0.17 0.05
  132 L    -2  -3  -4  -4  -2  -3  -4  -4  -4   4   3  -3   2   0  -3  -3  -1  -3  -2   2    0   0   0   0   0   0   0   1   0  63  29   0   2   0   0   0   1   0   0   5  0.49 0.07
  133 S     0  -1   4   0  -2  -1  -1  -1  -1  -3  -3  -1  -2  -3  -2   4   1  -4  -2  -3    1   0  26   0   0   0   0   0   0   0   0   0   0   0   0  73   0   0   0   0  0.61 0.09

                      K         Lambda
Standard Ungapped    0.1326     0.3153
Standard Gapped      0.0595     0.2670
PSI Ungapped         0.1943     0.3175
PSI Gapped           0.0595     0.2670
