
Last position-specific scoring matrix computed, weighted observed percentages rounded down, information per position, and relative weight of gapless real matches to pseudocounts
            A   R   N   D   C   Q   E   G   H   I   L   K   M   F   P   S   T   W   Y   V   A   R   N   D   C   Q   E   G   H   I   L   K   M   F   P   S   T   W   Y   V
    1 M    -5  -5  -6  -7  -6  -4  -6  -7  -6  -3  -2  -5  11  -4  -7  -6  -5  -6  -5  -3    0   0   0   0   0   0   0   0   0   0   0   0 100   0   0   0   0   0   0   0  3.44 0.92
    2 S     0  -1   0  -3  -4  -1  -3  -3  -3  -2  -5   3  -2  -5  -4   6   1  -5  -4  -4    4   2   3   0   0   1   0   0   0   3   0  17   1   0   0  61   6   0   0   0  0.93 0.43
    3 V    -1  -2   4   0  -4   0   1   1  -1  -1  -4   0  -1  -4  -3   2   1  -5  -3  -2    3   0  24   5   0   5   7  11   1   6   0   5   2   0   0  22   7   0   0   2  0.35 0.21
    4 N    -2  -1   5  -1  -4   4  -1  -1  -2  -3  -4   2  -3  -4  -3   2   0  -4  -3  -3    2   2  28   2   0  20   1   3   0   2   1  16   0   0   1  16   5   0   1   1  0.58 0.27
    5 P     0  -2   2  -1  -2  -1  -1   0  -2   0  -1  -1  -1  -2   4   1   1  -3  -2   0    8   1  15   1   0   1   2   5   0   6   7   2   1   1  20  12  10   0   1   6  0.28 0.13
    6 L     0  -3  -4  -3  -3  -3  -2  -4  -4   2   4  -3   3   2  -3  -2  -2  -3  -1   2    7   0   0   1   0   0   2   1   0  10  41   1   7   8   1   2   2   0   1  16  0.48 0.22
    7 T     1  -1   1  -2  -2  -1  -1  -1  -2   0   0   0   1  -2  -2   1   1  -3  -2   1   13   2   9   1   0   1   3   2   0   6  10   6   5   0   1  14  11   0   0  13  0.12 0.12
    8 L     1  -2   2  -1  -3   0   0   0  -1   0  -1  -1  -1   0  -2   2   1  -3   0  -1   15   1  13   1   0   4   8   6   1   9   7   1   1   4   2  18   7   0   3   1  0.13 0.14
    9 K     0   3  -3  -3  -5   3   2  -4  -3  -4  -5   5  -4  -5  -3  -1   0  -5  -4  -4    7  18   0   0   0  11  14   0   0   0   0  38   0   0   0   4   5   0   0   1  0.82 0.39
   10 I    -1  -6  -6  -6  -4  -6  -6  -7  -6   5   1  -6  -2  -4  -6  -5  -4  -6  -5   6    4   0   0   0   0   0   0   0   0  34  11   0   0   0   0   0   0   0   0  50  1.39 0.53
   11 A     6  -5  -5  -5  -4  -4  -3  -2  -5  -4  -3  -4  -4  -4  -4   3  -1  -6  -5   0   67   0   0   0   0   0   1   2   0   0   1   0   0   0   0  19   2   0   0   7  1.27 0.58
   12 S     0   0  -1  -1  -4   2   2  -1  -2  -1  -1   2  -1  -3  -3   2   1  -4  -3  -1    8   4   2   2   0  11  12   3   0   3   6  15   1   1   0  19   8   0   0   5  0.23 0.19
   13 P    -4   5  -5  -5  -7  -4  -4  -6  -5  -5  -6  -1  -5  -7   7  -3   1  -7  -6  -2    0  35   0   0   0   0   0   0   0   1   0   3   0   0  48   1   8   0   0   3  1.71 0.66
   14 Y    -7  -7  -7  -8  -8  -6  -7  -8  -3  -6  -6  -7  -6  -2  -8  -7  -7  -3  10  -6    0   0   0   0   0   0   0   0   0   0   0   0   0   0   0   0   0   0 100   0  3.73 1.13
   15 A     7  -6  -5  -6  -5  -5  -5   1  -6  -6  -6  -5  -5  -6  -5  -2  -3  -7  -6  -4   86   0   0   0   0   0   0  11   0   0   0   0   0   0   0   2   0   0   0   0  1.88 0.74
   16 R    -3   1  -2   2  -6   4   5  -4  -3  -6  -5   4  -4  -6  -4  -2  -3  -6  -5  -4    1   6   1  10   0  16  35   1   0   0   1  26   0   0   0   2   0   0   0   1  1.01 0.47
   17 A     6  -5  -5  -5  -4  -5  -5  -3  -5  -6  -6  -5  -5  -6  -5   3  -3  -7  -6  -4   77   0   0   0   0   0   0   1   0   0   0   0   0   0   0  22   0   0   0   0  1.75 0.72
   18 L    -5  -6  -7  -8  -5  -6  -7  -8  -7   0   7  -6   0   0  -7  -6  -5  -5  -5  -2    0   0   0   0   0   0   0   0   0   3  91   0   1   4   0   0   0   0   0   1  1.93 0.69
   19 F    -4  -5  -6  -7  -4  -5  -6  -6  -5   3   4  -5   5   5  -6  -5  -4  -3   3  -1    0   0   0   0   0   0   0   0   0  16  35   0  15  21   0   0   0   0   9   3  1.07 0.45
   20 D    -2  -3  -1   5  -6   1   5  -3  -4  -6  -5  -3  -4  -6  -4   2  -3  -6  -5  -5    3   0   1  31   0   6  36   2   0   0   0   0   0   0   0  18   1   0   0   0  1.08 0.51
   21 F    -2  -5  -4  -6  -4  -5  -4  -6  -1   3   5  -5   0   1  -5  -2  -2  -4  -2   2    2   0   1   0   0   0   1   0   1  14  53   0   1   5   0   4   1   0   1  16  0.85 0.39
   22 S     6  -5  -5  -5  -3  -4  -4  -1  -5  -4  -5  -4  -5  -6  -4   2  -1  -6  -5  -1   74   0   0   0   0   0   0   4   0   0   0   0   0   0   0  13   4   0   0   3  1.45 0.63
   23 V    -1   0   0  -1  -4   4   1  -4  -3   0   0   2   0  -4  -4  -1  -1  -5  -3   2    3   3   4   3   0  26   8   0   0   5   8  15   2   0   0   4   2   0   0  16  0.38 0.28
   24 E     0  -2   0   1  -6   0   6  -3  -4  -6  -5   0  -4  -6  -4   2  -1  -6  -4  -5    6   1   3   6   0   3  53   1   0   0   1   4   0   0   0  18   2   0   0   0  1.02 0.50
   25 K    -2   2   2  -1  -4   4   1  -3   1  -3  -2   4  -1  -4  -4   0  -1  -5  -3  -3    3  10  11   2   0  19   8   1   4   1   4  25   2   0   0   6   3   0   0   2  0.49 0.30
   26 N    -3  -3   6   2  -5   1  -2   3  -3  -6  -7   1  -5  -6  -5  -1  -4  -6  -6  -6    1   0  46  13   0   5   1  23   0   0   0   7   0   0   0   3   0   0   0   0  1.22 0.53
   27 I     0  -1   0  -2   0   1   0  -3  -2   2   2   1   1  -2  -3   0   0  -4  -3   0    8   3   4   1   2   8   5   1   1  12  22  10   5   0   0   6   7   0   0   6  0.14 0.14
   28 M    -2  -5  -5  -5  -4  -4  -4  -5  -5   2   4  -4   2  -2  -5  -2   2  -5  -4   3    2   0   0   0   0   0   1   0   0   8  46   0   5   1   0   3  15   0   0  18  0.78 0.38
   29 H    -3  -3  -1   6  -6  -1   5  -2   1  -5  -5  -1  -5  -3  -4  -1  -3  -6  -4  -4    2   0   2  40   0   2  34   2   4   0   1   2   0   2   0   4   1   0   0   1  1.11 0.49
   30 Q     1   0  -1   0  -4   4   4  -3  -2  -2  -3   1  -3  -5  -2   0   0  -5  -3  -2   14   5   2   4   0  21  25   1   0   2   2   7   0   0   2   4   6   0   0   3  0.47 0.30
   31 I    -2  -5  -4  -5  -3  -5  -5  -5  -3   4   1  -5   1   4  -5  -3   1  -2   0   4    3   0   0   0   0   0   0   0   0  22   9   0   4  16   0   1   9   0   3  32  0.73 0.35
   32 T     0  -1   1  -2  -3  -1   1   2   1  -2  -1   1  -1   0  -3   0   1  -3   2  -2    8   2   9   1   0   2  11  15   3   2   5  12   1   4   0   6  10   0   8   2  0.15 0.15
   33 A     1  -1   2   1  -5   3   4  -2  -1  -4  -4   2  -4  -5  -4   0  -1  -5  -4  -4   13   2  12   6   0  15  28   2   1   0   1  11   0   0   0   5   2   0   0   1  0.59 0.34
   34 D    -5  -5   0   7  -7   1   4  -5  -4  -5  -7  -4  -6  -7  -5  -3  -4  -7  -4  -6    0   0   4  62   0   6  25   0   0   0   0   0   0   0   0   1   1   0   1   0  1.77 0.67
   35 F     1  -5  -5  -6   0  -4  -5  -5  -5   2   3  -5   6   1  -5  -3  -2  -4  -3   3   11   0   0   0   2   0   0   0   0  11  24   0  23   6   0   1   2   0   0  19  0.76 0.37
   36 Q    -1   3   1   1  -2   3   1  -2  -2  -2  -1   2  -2  -4  -3   1  -1  -5  -3  -1    4  18   7   7   1  15   8   1   0   1   5  13   0   0   0  12   3   0   0   4  0.33 0.23
   37 N     1  -3   1  -1  -2   0  -1   0  -3  -1   2  -2   0   1  -3   2   0   0  -1  -1   15   0   7   3   1   5   4   6   0   2  23   0   2   7   0  16   4   2   2   2  0.16 0.18
   38 L    -4  -6  -6  -6  -4  -5  -6  -6  -6   5   4  -6  -1   3  -6  -5  -4  -5  -3   3    0   0   0   0   0   0   0   0   0  30  35   0   1  12   0   0   0   0   0  22  1.08 0.44
   39 E     0   0  -1  -1  -2   1   1  -2  -1   0   2   0   0  -2  -3   1  -1  -4  -1   0    6   4   2   3   0   8  10   2   1   5  28   4   1   1   0  15   2   0   1   6  0.16 0.17
   40 I     1  -1   2   1  -4   2   2  -1  -2  -2  -3   1  -2  -4  -2   1   1  -4  -3  -1   10   2   9   8   0  12  14   4   0   2   2   9   1   0   1  11   9   0   0   5  0.26 0.20
   41 F     0  -4  -5  -5  -1  -4  -4  -4  -5   3   2  -4   0   1  -4  -3   2  -4  -3   3    9   0   0   0   1   0   1   0   0  18  23   0   2   6   0   1  14   0   0  24  0.56 0.31
   42 L    -3  -5  -4  -6   3  -5  -6  -6  -5   3   5  -5   1   1  -6  -4  -3   4  -3   1    2   0   1   0   5   0   0   0   0  17  52   0   2   6   0   1   1   5   0   8  0.96 0.41
   43 K     1   1   1   1  -4   1   2  -2   0  -4  -3   3  -3  -3  -3   2   0  -5  -3  -3   10   5   7   9   0   5  13   2   2   1   2  19   0   1   0  18   3   0   0   1  0.35 0.24
   44 E     0  -2   1   1  -5   3   5   0  -2  -5  -5   1  -4  -6  -4   2  -1  -5  -5  -4    8   0   6   7   0  12  36   6   0   0   0   7   0   0   0  15   2   0   0   1  0.66 0.37
   45 N    -2  -4   5  -2  -4  -3  -2  -4   0  -5  -6  -4  -3  -6  -5   6   0  -6  -1  -4    2   0  30   1   0   0   1   0   2   0   0   0   0   0   0  53   6   0   2   1  1.30 0.61
   46 T    -1   3  -1   1  -5   1   2  -3  -2  -4  -4   2  -3  -5   4   1  -1  -5  -4  -3    6  18   2   9   0   6  11   1   1   0   0  13   0   0  20   8   3   0   0   1  0.54 0.29
   47 E    -3  -4  -2   5  -7   1   6  -4  -3  -6  -5  -1  -4  -7  -3  -2  -3  -7  -5  -4    1   0   1  36   0   6  46   1   0   0   1   2   0   0   1   2   1   0   0   1  1.35 0.56
   48 L    -5  -6  -7  -8  -5  -6  -7  -7  -6  -1   6  -6  -2   4  -7  -6  -5  -1  -2  -2    0   0   0   0   0   0   0   0   0   1  81   0   0  16   0   0   0   1   1   1  1.75 0.64
   49 T     0   3   0  -2  -4   3   1  -2  -2  -2  -2   2  -1  -2  -3   0   0  -4  -2   0    6  18   3   1   0  17   8   2   0   2   2  16   1   2   0   7   7   0   1   8  0.32 0.22
   50 E     1   1   2   1  -3   1   1  -2  -1  -1   1   2  -1  -2  -3   0   0  -4  -2  -1   13   6  10   6   0   8   7   1   1   3  14  15   1   1   0   5   6   0   1   2  0.15 0.14
   51 Y    -1  -5  -6  -6  -1  -5  -6  -6  -4   2   3  -5   1   6  -6  -4  -3  -3   2   2    5   0   0   0   1   0   0   0   0   9  29   0   4  33   0   1   1   0   6  12  0.91 0.39
   52 L    -5  -6  -7  -7  -5  -6  -6  -7  -6   2   6  -6   4   2  -6  -6  -5  -5  -3  -1    0   0   0   0   0   0   0   0   0  10  70   0  10   7   0   0   0   0   0   2  1.45 0.55
   53 D     1   1   3   0  -3   0   0   0  -1  -2  -2   2  -1  -2  -3   1  -1  -3   1  -2   15   8  15   5   0   3   5   6   1   1   4  12   1   1   0  10   3   0   7   3  0.18 0.16
   54 N    -4  -4   7  -3  -6  -3  -4  -5   6  -6  -7  -4  -6  -6  -6   3  -3  -7  -4  -6    0   0  57   0   0   1   0   0  19   0   0   0   0   0   0  20   1   0   0   0  1.86 0.70
   55 P    -6  -7  -7  -6  -8  -2  -6  -7  -7  -8  -8  -6  -7  -9   9  -6  -6  -9  -8  -7    0   0   0   0   0   2   0   0   0   0   0   0   0   0  98   0   0   0   0   0  3.41 1.04
   56 V    -3  -1  -4  -4  -4   1  -3  -5  -3   4   3   1  -1   1  -5  -4  -3  -3  -3   3    0   4   0   0   0   6   0   0   1  26  27   9   1   5   0   0   1   0   0  19  0.57 0.31
   57 V    -3  -6  -3  -6  -4  -6  -6  -7  -6   6   0  -4   0  -3  -6  -5  -2  -6  -4   4    1   0   1   0   0   0   0   0   0  53   8   1   2   1   0   0   1   0   0  32  1.40 0.53
   58 S    -1   0   1   0  -3   0   0  -2  -2  -3  -2   3  -2  -4   1   2   1  -5  -3  -1    4   3   7   6   0   3   6   2   0   1   4  21   1   0   8  17  11   0   1   3  0.28 0.20
   59 K     2   0   0  -1  -3   0  -1  -1   1   0  -1   2  -2  -3   2   1   0  -4  -3   0   18   3   4   2   0   3   3   4   5   5   6  13   1   1  10  12   6   0   0   5  0.16 0.14
   60 N    -1  -3   0   5  -6   1   5  -2  -2  -4  -4  -1  -4  -4  -3   0  -1  -6  -4  -4    5   0   4  29   0   6  35   2   1   1   2   3   0   1   1   6   2   0   0   1  0.80 0.39
   61 A     2  -1  -1   2  -4   0   2  -3  -3  -1  -2   4  -3  -5  -3   0  -1  -5  -4  -1   16   1   3  11   0   4  17   1   0   4   3  27   0   0   0   6   4   0   0   5  0.41 0.27
   62 K    -5  -2  -5  -5  -8  -2  -4  -6  -5  -7  -7   8  -6  -8  -6  -5  -5  -8  -6  -7    0   1   0   0   0   1   0   0   0   0   0  99   0   0   0   0   0   0   0   0  2.74 0.92
   63 C    -2   0  -2  -3  -3   1  -1  -4  -2   0   0   6  -2  -4  -4  -3  -2  -3  -3  -2    2   4   1   1   1   5   4   0   1   5  11  58   1   0   0   1   1   0   1   3  0.93 0.45
   64 E     3  -1   3   0  -4   1   3   0  -2  -4  -4   2  -4  -5  -3   1  -2  -5  -4  -3   23   2  13   5   0   4  21   8   0   1   0  11   0   0   0  10   1   0   0   1  0.46 0.28
   65 I    -1  -6  -6  -6  -4  -5  -6  -6  -6   5   1  -5   0  -2  -6  -5   0  -6  -4   5    6   0   0   0   0   0   0   0   0  36  10   0   2   1   0   0   5   0   0  40  1.13 0.46
   66 L    -4  -6  -7  -7  -3  -6  -6  -7  -6   4   5  -6   0  -1  -6  -6  -4  -5  -4   2    1   0   0   0   0   0   0   0   0  25  61   0   1   1   0   0   0   0   0  10  1.33 0.51
   67 A    -1   2   3   1  -5   1   3  -3   0  -2  -4   3  -2  -4  -3   0   0  -5  -4  -2    4  10  14   7   0   5  18   1   3   2   1  20   1   0   0   5   7   0   0   3  0.41 0.25
   68 K     2   1   2   0  -5   4   1  -1  -2  -4  -4   3  -4  -5  -4   0  -1  -5  -4  -4   18   6   9   4   0  17  10   3   0   0   0  22   0   0   0   6   4   0   0   0  0.51 0.30
   69 T    -3  -6  -6  -6  -2  -5  -6  -7  -6   5   3  -5  -1  -3  -6  -5  -1  -5  -4   4    1   0   0   0   1   0   0   0   0  36  32   0   1   0   0   0   4   0   0  25  1.11 0.45
   70 L    -2  -6  -7  -7  -2  -6  -7  -5  -5  -2   2  -6   0   8  -7  -5  -2   0  -1  -1    4   0   0   0   1   0   0   1   0   2  16   0   2  68   0   0   3   1   1   3  1.79 0.62
   71 Q     1  -1   0  -1  -4   0   1   4  -2  -5  -3   3  -3  -4  -3   1  -1  -5  -4  -3   10   1   3   3   0   5   8  31   1   0   2  19   0   0   0  11   4   0   0   1  0.49 0.28
   72 A    -2  -3   2   4  -5   0   2   4  -3  -6  -6   1  -5  -6  -2   1  -2  -6  -5  -5    2   0  11  21   0   3  11  32   0   0   0   8   0   0   1   9   2   0   0   0  0.74 0.35
   73 Q    -3   3   0   1  -6   5   0  -1   0  -6  -5   5  -4  -4  -4  -1  -2  -6  -4  -5    0  14   4   6   0  25   4   5   2   0   0  33   0   1   0   4   1   0   0   0  0.86 0.42
   74 L    -1  -5  -6  -6  -3  -5  -5  -4  -6   4   1  -5   0  -1  -5  -4  -1  -5  -4   5    6   0   0   0   0   0   0   1   0  25  13   0   2   2   0   1   3   0   0  47  1.00 0.42
   75 N    -2  -3   5   1  -2   1  -2  -2   5  -5  -6  -3  -5  -6  -4   4   0  -6  -4  -5    2   0  28   7   1   5   1   3  14   0   0   1   0   0   0  33   5   0   0   0  0.95 0.46
   76 D     0  -1   1   3  -4   1   2  -2  -2  -3  -4   1  -4  -5   4   0  -1  -5  -4  -2    7   2   6  19   0   5  13   2   0   1   1   8   0   0  23   7   4   0   0   3  0.53 0.28
   77 E    -1  -3  -1   0  -3  -1   2  -4  -1   1   1  -2   1   2  -3   0   0  -3   3   0    3   0   3   4   0   1  16   1   1   8  18   1   3   9   0   6   4   0  13   8  0.22 0.18
   78 T    -3  -5  -4  -5  -3  -4  -5  -5  -5   2   2  -4   2   1  -5  -1   5  -5  -4   2    1   0   0   0   0   0   0   0   0  11  18   0   5   6   0   5  38   0   0  17  0.76 0.40
   79 L    -2   1  -3  -4  -3  -1  -2  -5  -2   1   4  -1   4   1  -5  -2   0  -3  -1   0    3   7   1   0   0   3   2   0   1   8  37   4  14   6   0   2   5   0   2   6  0.44 0.26
   80 K     0   0   6  -2  -3  -1  -2   1  -2  -4  -5   2  -4  -5  -3   1   0  -6  -5  -3    6   4  40   1   0   2   1  12   0   1   0  15   0   0   1  11   4   0   0   2  0.76 0.39
   81 F    -6  -7  -8  -8  -7  -8  -8  -8  -6  -2   0  -8  -4   9  -8  -7  -6  -4  -1  -4    0   0   0   0   0   0   0   0   0   1  10   0   0  88   0   0   0   0   1   0  2.80 0.86
   82 L    -4  -6  -4  -7  -5  -6  -6  -7  -6   2   5  -6   2   4  -6  -5  -4  -4  -3  -2    1   0   1   0   0   0   0   0   0   8  65   0   5  17   0   0   1   0   0   1  1.32 0.51
   83 M    -2   0   1  -1  -2   0   0  -2  -1  -1   2   2   4   0  -4  -1   0  -4   0  -1    2   5   7   2   1   3   5   2   2   1  21  16  14   5   0   3   6   0   3   2  0.21 0.19
   84 I    -4  -5  -6  -6  -4  -5  -6  -7  -6   4   5  -5   1   0  -6  -4  -1  -5  -4   3    0   0   0   0   0   0   0   0   0  24  49   0   2   3   0   0   3   0   0  20  1.08 0.44
   85 L    -5  -6  -7  -7  -5  -6  -6  -7  -6   3   6  -6   2  -3  -6  -6  -4  -5  -5   2    0   0   0   0   0   0   0   0   0  14  68   0   4   0   0   0   0   0   0  14  1.42 0.54
   86 V     1  -6  -6  -6  -2  -5  -5  -5  -6   4  -1  -5  -2  -3  -5  -2   0  -6  -4   6    9   0   0   0   1   0   0   0   0  21   3   0   0   0   0   3   6   0   0  55  1.11 0.48
   87 E    -3   1   1   6  -6   0   2  -5  -2  -6  -6   0  -6  -7  -5  -1  -2  -7  -6  -5    1   7   6  53   0   4  14   0   1   0   0   6   0   0   0   5   2   0   0   0  1.21 0.49
   88 R    -5   6  -2  -5  -7  -3  -3  -5  -1  -7  -6   6  -5  -7  -5  -4  -5  -7  -6  -6    0  42   1   0   0   0   0   0   1   0   0  55   0   0   0   0   0   0   0   0  1.94 0.71
   89 G    -3   5   2   1  -6   1  -1   4   0  -6  -6   2  -5  -6  -5  -2  -4  -6  -4  -5    0  31  11   7   0   6   2  27   2   0   0  10   0   0   0   1   0   0   0   0  0.85 0.40
   90 R    -6   9  -5  -6  -8  -4  -5  -7   1  -8  -7  -2  -6  -8  -7  -5  -6  -7  -6  -7    0  97   0   0   0   0   0   0   3   0   0   0   0   0   0   0   0   0   0   0  2.94 0.94
   91 I    -1  -4  -4  -3  -5   0   4  -4  -3   6  -2  -4  -2  -1  -5  -1  -2  -2   1  -1    4   0   0   1   0   3  28   1   0  44   2   0   1   3   0   4   1   0   5   3  0.81 0.42
   92 S     2  -1   2   0  -3  -1   0   1  -2  -1  -2   0   0  -1  -1   2   0  -4  -2  -1   17   2  13   5   0   2   6   9   0   4   3   5   3   2   2  19   3   0   1   5  0.17 0.15
   93 L    -1  -4  -2  -1  -2  -2   0  -4  -2   2   2  -3   0   4  -5  -3  -3  -2   3   0    4   0   2   4   1   1   6   0   1  15  21   1   2  22   0   1   0   0  12   5  0.46 0.26
   94 L    -4  -6  -7  -7  -5  -6  -6  -7  -6   3   6  -6   1   0  -6  -5  -4  -5  -4   0    1   0   0   0   0   0   0   0   0  14  75   0   2   3   0   0   0   0   0   5  1.49 0.56
   95 T    -1  -1   0   3  -5   1   3  -2  -1  -3  -3   0  -2   0   3   0  -1  -4   1  -2    4   2   4  15   0   5  23   2   1   1   2   5   1   4  16   7   2   0   5   2  0.39 0.24
   96 S     2  -2  -1   2  -3   0   2   1  -2  -2  -3  -1  -3  -1   1   1   1  -2  -1  -2   20   1   2  12   0   3  15  10   0   2   2   2   0   3   6  10   8   0   2   2  0.24 0.18
   97 V    -3  -7  -7  -7  -5  -6  -7  -7  -7   7  -2  -6   0  -3  -6  -5   0  -6  -5   3    1   0   0   0   0   0   0   0   0  71   1   0   2   0   0   0   7   0   0  18  1.79 0.64
   98 I     3  -4  -5  -5   5  -4  -4  -1  -5   4   2  -4  -1   1  -4  -2  -1  -4  -2   1   23   0   0   0  11   0   0   4   0  23  20   1   1   5   0   2   2   0   1   6  0.52 0.29
   99 T    -1   1   1   2  -4   3   3  -3  -1  -3  -2   2  -2  -3  -2   0   0  -4  -1  -2    5   5   7  10   0  12  22   1   1   1   3  13   1   1   1   7   6   0   2   2  0.33 0.22
  100 I     0   2  -2  -2  -2   3   3  -3  -1  -4  -4   3  -3  -3  -4   0  -2  -3   3  -2    9  10   1   0   1  17  20   1   1   0   1  16   0   1   0   6   2   0  12   2  0.50 0.31
  101 Y    -5  -7  -7  -8  -7  -7  -7  -7  -4  -4  -3  -7  -4   8  -8  -6  -5  -3   8  -4    1   0   0   0   0   0   0   0   0   1   1   0   0  53   0   0   0   0  43   0  2.48 0.79
  102 L    -3  -2  -4  -4  -3   1  -2  -5   0   4   4  -2   0   0  -5  -3  -2  -3  -3   1    1   2   1   0   0   9   3   0   2  21  41   2   1   3   0   2   2   0   0  10  0.57 0.31
  103 E     2   1   2   2  -4   1   4  -2  -1  -3  -4   1  -4  -4  -4   0  -1  -5  -4  -2   16   6   8  12   0   4  29   2   1   1   1   7   0   0   0   5   3   0   0   4  0.45 0.27
  104 L    -3   0  -5  -5  -4   4  -1  -6  -5   0   5  -1   0  -2  -5  -4  -3  -5  -4  -2    1   5   0   0   0  19   5   0   0   5  58   3   2   1   0   1   0   0   0   0  0.94 0.46
  105 V     1  -3  -4  -5  -3  -2  -4  -4  -2  -1   2  -4  -2   0  -5  -1  -1  -1   6   3   15   1   1   0   0   1   0   1   0   2  17   0   0   2   0   4   3   1  30  22  0.69 0.37
  106 Y    -4   4   5   0  -2  -3  -3  -5  -1  -6  -4   2  -4  -2  -5  -3  -4  -3   5  -5    1  26  29   5   1   0   1   0   1   0   1  13   0   1   0   0   0   0  20   0  1.08 0.49
  107 E     0   0  -2  -1  -5   3   5  -4  -3  -3  -2   3  -3  -4  -4  -1  -2  -5  -4  -1    8   3   1   3   0  15  36   0   0   2   3  19   0   0   0   4   2   0   0   4  0.69 0.38
  108 T     0  -2  -3  -4  -4   0  -2  -4   2   0   3   0   1   0  -4  -2  -1  -3   3  -1   10   1   1   0   0   4   2   0   6   5  37   5   3   4   0   2   4   0  12   3  0.34 0.24
  109 A     0   3   3  -1  -5   1   2  -4  -1  -5  -3   5  -1  -5  -4  -1   0  -5  -4  -4    6  14  13   2   0   6  13   0   1   0   2  33   1   0   0   2   4   0   0   0  0.66 0.35
  110 S    -2  -2   4  -2  -3   2  -3   4   0  -6  -5   1  -5  -6  -5   3  -3  -6  -5  -5    1   1  24   1   1  11   1  29   2   0   1   7   0   0   0  20   0   0   0   0  0.83 0.42
  111 I    -4  -5  -6  -6  -4  -6  -6  -7  -6   7  -1  -4  -1  -2  -6  -3   3  -6  -4   1    1   0   0   0   0   0   0   0   0  64   3   1   1   1   0   1  19   0   0   7  1.45 0.57
  112 K     0  -2  -3  -4  -4   1   0   1   0   1  -2   0  -2  -4  -4  -1   1  -5  -3   4    7   2   0   0   0   8   5  12   3   7   1   5   0   0   0   2  11   0   0  35  0.36 0.27
  113 T    -2  -1  -1  -2  -3  -2   1  -4  -1   2   2   0   1  -2  -4  -2   2  -3  -3   2    2   3   2   2   0   1   9   0   1  14  26   5   4   1   0   1  14   0   0  14  0.29 0.21
  114 I     6  -5  -6  -6  -3  -5  -5  -3  -6   0  -4  -5  -4  -3  -5  -3  -3  -6  -5   3   75   0   0   0   0   0   0   1   0   4   1   0   0   1   0   1   0   0   0  17  1.52 0.64
  115 E    -4  -2  -1   1  -6   2   5  -5   1  -4  -4   1  -4  -4  -4  -1   1  -3   2  -3    0   1   3   5   0   7  45   0   3   1   1  10   0   0   0   3  10   0   8   2  0.82 0.42
  116 V    -2  -6  -7  -7  -5  -6  -6  -7  -7   3   1  -6  -3  -3  -6  -5  -4  -6  -5   7    2   0   0   0   0   0   0   0   0  14  10   0   0   1   0   0   0   0   0  74  1.68 0.62
  117 S    -2  -1  -3  -4  -4  -2  -4  -5  -4   2  -2  -1  -3  -2  -5   1   6  -5   0   0    2   3   1   0   0   1   0   0   0  10   3   3   0   1   0  10  54   0   4   7  0.90 0.46
  118 T    -1  -5  -4  -5  -2  -4  -4  -5  -5  -5  -5  -4  -5  -6  -5   6   5  -7  -6  -4    4   0   0   0   1   0   0   0   0   0   0   0   0   0   0  53  40   0   0   1  1.56 0.68
  119 A     7  -5  -5  -5  -4  -5  -5  -4  -5  -5  -5  -5  -5  -6   0   0   0  -7  -6  -1   79   0   0   0   0   0   0   0   0   0   0   0   0   0   4   6   6   0   0   4  1.57 0.65
  120 F    -1  -3  -3  -5  -3  -1  -4  -5  -2   3   0  -2   1   1  -4  -1   2  -4  -1   4    5   0   1   0   0   3   0   0   1  17   5   3   3   7   0   4  13   0   2  36  0.52 0.29
  121 E     2  -3  -3   0  -6  -1   4  -4  -3  -4  -5  -1  -3  -6   6  -2  -3  -6  -6  -3   15   1   1   5   0   2  28   1   0   1   1   4   0   0  38   2   1   0   0   2  1.09 0.48
  122 F    -5  -6  -7  -7  -5  -6  -7  -7  -6   0   6  -6   0   2  -5  -5  -5  -5  -4  -1    0   0   0   0   0   0   0   0   0   3  82   0   2   9   1   0   0   0   0   4  1.64 0.61
  123 T    -2  -3   3   1  -5  -3  -2  -3  -4  -5  -5  -1  -5  -6  -4   5   5  -6  -4  -4    1   1  11   9   0   0   1   1   0   0   0   3   0   0   0  38  34   0   1   0  1.04 0.51
  124 T     0  -2   0   4  -6   0   5  -4  -3  -6  -5   0  -3  -6   1  -1  -2  -6  -3  -4    6   2   4  24   0   3  42   1   0   0   0   5   0   0   6   4   2   0   1   1  0.88 0.42
  125 S     2  -2  -1   2  -4   1   4  -1  -2  -2  -2   0  -3  -4  -2   0   0  -5  -4  -2   18   1   2  11   0   5  30   4   0   2   4   6   0   0   1   8   6   0   0   3  0.38 0.25
  126 Q    -3  -2   0  -3  -6   8   0  -5  -2  -4   0  -3  -3  -6  -5  -2  -2  -4  -4  -3    1   1   5   1   0  67   5   0   1   1   9   0   0   0   0   2   2   0   0   2  1.57 0.67
  127 K    -3   4  -3  -4  -3   5   1  -5   1  -3  -2   5  -3  -4  -4  -2  -3  -5  -2  -3    2  19   0   0   1  24   8   0   3   1   4  34   0   0   0   1   1   0   1   1  0.92 0.44
  128 T     1  -1   2   1  -4   3   3  -3  -1  -4  -3   2  -3  -3  -3   0   1  -5  -3  -3   14   2  11   8   0  16  18   1   1   0   2  11   0   1   0   6   7   0   0   1  0.40 0.26
  129 I     3   0   1  -1  -4   2   2  -2  -1  -3  -1   1  -2  -4  -3   1   1  -5  -3  -2   25   5   6   3   0  10  15   1   1   1   5   9   1   0   0   9   7   0   0   1  0.30 0.23
  130 L    -4  -6  -7  -7  -4  -6  -6  -7  -6   4   5  -6   0   1  -6  -5  -4  -3  -4   3    0   0   0   0   0   0   0   0   0  26  52   0   1   4   0   0   0   0   0  16  1.20 0.47
  131 V     0   1  -2  -3  -2  -1   1  -3  -2   3  -1   2   0  -3  -4  -1   1  -5  -3   2    6   9   1   0   1   2  12   1   1  23   3  13   1   0   0   2   8   0   0  14  0.28 0.22
  132 Q     1  -1   2   2  -5   3   3  -2  -1  -5  -4   3  -4  -5  -4  -1  -1  -5  -4  -4   11   2  10  12   0  12  23   2   1   0   1  18   0   0   0   4   2   0   0   1  0.55 0.31
  133 K    -2   3  -3  -4  -6   1  -1  -5  -3   0  -1   6  -1  -6  -5  -3  -2  -6  -5  -1    2  12   0   0   0   7   3   0   0   5   5  57   1   0   0   1   2   0   0   4  1.06 0.48
  134 L    -4  -6  -6  -7  -4  -5  -6  -7  -6   4   4  -6  -1  -2  -6  -5  -4  -5  -4   5    0   0   0   0   0   0   0   0   0  20  39   0   1   1   0   0   0   0   0  38  1.23 0.48
  135 K    -1   1  -2  -3  -5   2   0  -3  -4   0   1   5  -1  -5  -4  -1  -1  -5  -4  -2    5   4   1   0   0   9   6   1   0   5  14  45   1   0   0   5   2   0   0   3  0.62 0.35
  136 E     2   0   0   0  -4   1   3  -1  -1  -1  -1   2  -2  -3  -3   1   0  -4  -3  -2   18   4   4   5   0   7  20   3   1   3   5  14   1   0   0   8   5   0   0   2  0.25 0.19
  137 L    -2  -2  -4  -3  -2   1   0  -5  -3   3   2  -2   6  -1  -4  -2   2  -4  -3   1    3   1   0   1   1   6   6   0   0  19  16   3  22   2   0   2  12   0   0   7  0.49 0.30
  138 M     0  -4  -3  -5  -5  -4  -5  -5  -5   0  -1  -4  -3  -4  -5   0   7  -6  -3  -2    9   0   0   0   0   0   0   0   0   4   6   1   0   1   0   6  69   0   1   2  1.40 0.61
  139 N    -2  -2   4  -1  -3   0  -2   5  -1  -6  -6   2  -4  -6  -4   0  -3  -6  -5  -5    2   2  21   3   1   4   2  44   1   0   0  13   0   0   0   6   1   0   0   0  0.92 0.41
  140 A     3  -2  -1  -2  -2  -1  -2   0  -2  -2  -1   1  -1   0  -2   2   1  -1   3  -2   33   1   2   1   1   2   1   5   1   1   4   8   2   3   1  14   7   1  11   2  0.31 0.21
  141 R    -2   3   2   0  -5   2   0  -3  -1  -3  -4   4  -3  -5  -3   0  -1  -5  -4  -1    3  14  11   5   0   9   6   1   1   1   0  33   0   0   1   6   3   0   0   6  0.55 0.29
  142 E    -1   0   3   0  -5   4   3  -2  -1  -4  -4   2  -3  -5  -4   1   0  -5  -3  -4    3   3  13   4   0  18  22   2   1   1   1  14   0   0   0  10   6   0   1   0  0.54 0.31
  143 I    -3  -6  -6  -6  -4  -5  -6  -6  -6   4  -1  -6   1   1  -6  -5  -4  -5  -4   6    1   0   0   0   0   0   0   0   0  24   4   0   2   7   0   0   0   0   0  61  1.43 0.54
  144 R    -3   2  -2   0  -4   1   5  -5  -2   0  -3   3  -2  -5  -4  -3  -1  -5  -4  -1    0   9   1   3   0   5  45   0   0   6   2  18   1   0   0   1   3   0   0   5  0.80 0.40
  145 L    -4  -4  -6  -6  -3  -5  -6  -6  -6   2   6  -5   4  -1  -3  -5  -3  -5  -4   0    1   0   0   0   0   0   0   0   0  11  68   0   9   2   2   0   1   0   0   6  1.25 0.49
  146 M    -1  -1   2   1  -4   1   2  -3   1   0  -2   1  -2  -3  -3   0   0  -4  -2   1    4   2  10   8   0   5  18   0   4   7   2  12   0   1   0   5   7   0   0  14  0.23 0.18
  147 I    -2  -2   0  -3  -3  -2   2  -4  -2   2   0  -2   1   1  -3  -1   3  -3   3   0    2   1   5   0   0   0  17   0   0  14   8   1   3   6   1   2  20   0  12   6  0.32 0.25
  148 T    -1   0   2  -1  -4   1   0  -3   0  -2  -3   5  -2  -4  -3   2   1  -5  -3  -1    4   4   8   2   0   5   4   1   2   2   2  36   0   0   0  14  11   0   0   4  0.49 0.30
  149 V    -4  -4  -4  -6  -3  -3  -4  -6  -6   5  -1  -2  -2  -4  -5  -4  -1  -6  -4   6    0   1   1   0   0   1   1   0   0  32   4   3   0   0   0   0   4   0   0  53  1.27 0.50
  150 D    -6  -4   3   8  -7  -3  -1  -5  -5  -7  -7  -2  -7  -7  -5  -4  -5  -8  -7  -7    0   0  12  81   0   1   2   0   0   0   0   2   0   0   0   0   0   0   0   0  2.28 0.76
  151 P     0  -2  -3  -2  -5  -1   1  -4  -4  -5  -5   0  -4  -6   7   1   0  -6  -5  -4    7   2   1   2   0   2  11   0   0   1   1   6   0   0  50  13   4   0   0   0  1.21 0.49
  152 N     0  -2   2   3  -4  -2   2  -2  -3  -5  -5   0  -3  -5  -4   4   0  -6  -5  -4    6   2   8  19   0   0  14   3   0   0   0   6   1   0   0  36   4   0   0   0  0.66 0.36
  153 L    -5  -6  -7  -7  -5  -6  -6  -7  -6   3   6  -6  -1  -3  -6  -5  -5  -5  -5  -1    0   0   0   0   0   0   0   0   0  16  80   0   1   0   0   0   0   0   0   2  1.68 0.60
  154 I    -5  -7  -7  -7  -5  -7  -7  -7  -7   8   1  -6  -1  -4  -7  -6  -5  -6  -5  -1    0   0   0   0   0   0   0   0   0  87  10   0   1   0   0   0   0   0   0   1  2.26 0.73
  155 G     0  -6  -4  -5  -6  -6  -6   7  -6  -7  -7  -5  -6  -7  -6  -4  -5  -6  -7  -7    8   0   0   0   0   0   0  91   0   0   0   0   0   0   0   0   0   0   0   0  2.37 0.76
  156 G    -4  -6  -5  -5  -7  -6  -6   8  -6  -8  -8  -6  -7  -7  -6  -4  -6  -7  -7  -7    0   0   0   0   0   0   0  98   0   0   0   0   0   0   0   0   0   0   0   0  2.69 0.83
  157 F    -4  -6  -6  -7  -5  -6  -6  -7  -5   1   1  -6   4   7  -7  -6  -5  -3   1   3    1   0   0   0   0   0   0   0   0   5   9   0   9  51   0   0   0   0   2  22  1.49 0.55
  158 L    -4  -5  -6  -6  -4  -5  -6  -7  -6   6   0  -3   0  -4  -6  -4   1  -6  -4   5    0   0   0   0   0   0   0   0   0  40   7   2   1   0   0   0   8   0   0  42  1.27 0.50
  159 I    -3  -6  -7  -7  -4  -6  -6  -7  -6   6   3  -6  -1  -3  -6  -5  -4  -6  -4   4    2   0   0   0   0   0   0   0   0  47  26   0   0   0   0   0   0   0   0  24  1.34 0.51
  160 K    -4   5  -1  -4  -7   3   0  -5  -4  -6  -5   6  -5  -7  -5  -2  -2  -6  -5  -6    0  29   2   0   0  13   4   0   0   0   0  47   0   0   0   2   2   0   0   0  1.37 0.56
  161 T    -4  -6  -4  -6  -4  -6  -6  -7  -6   6  -1  -6   1  -2  -6  -5   0  -6  -2   5    1   0   1   0   0   0   0   0   0  49   4   0   3   1   0   0   5   0   1  36  1.38 0.53
  162 Q    -4  -6   1  -1  -7  -1  -2   7  -6  -8  -8  -3  -7  -7  -6  -4  -5  -7  -7  -7    0   0   5   3   0   3   3  84   0   0   0   1   0   0   0   0   0   0   0   0  2.02 0.69
  163 S    -4  -5  -1   6  -6  -4  -3  -3  -5  -7  -7  -4  -6  -7  -5   5  -3  -8  -6  -6    0   0   2  49   0   0   0   1   0   0   0   0   0   0   0  48   0   0   0   0  1.79 0.71
  164 K    -4   5  -3  -4  -7   5  -2  -5  -3  -6  -6   6  -3  -7  -5  -3  -1  -6  -4  -5    0  25   1   0   0  25   1   0   0   0   0  42   0   0   0   1   4   0   0   0  1.40 0.58
  165 V    -4  -3  -5  -6  -5   4  -4  -6  -5   3   1  -4  -1  -3  -6  -5  -2  -6  -4   6    0   1   0   0   0  19   0   0   0  14  10   0   1   1   0   0   2   0   0  52  1.14 0.51
  166 I    -4  -6  -7  -7  -3  -6  -6  -7  -6   6   0  -6  -1   2  -6  -6  -4  -5   1   3    0   0   0   0   0   0   0   0   0  55   8   0   1   9   0   0   0   0   6  21  1.36 0.51
  167 D    -6  -6  -2   9  -8  -5  -3  -6  -6  -8  -8  -5  -8  -8  -6  -5  -6  -9  -8  -8    0   0   1  99   0   0   0   0   0   0   0   0   0   0   0   0   0   0   0   0  3.04 0.95
  168 F     4  -4  -2   0  -3  -3  -1   2  -4  -3  -2  -3  -2   0  -4   2   2  -5  -2  -3   40   0   1   5   0   0   3  14   0   1   4   0   1   4   0  13  13   0   1   1  0.54 0.33
  169 T    -3  -5  -4  -5  -5  -4  -5  -5  -5  -7  -7  -5  -6  -7  -5   7   1  -7  -6  -6    0   0   0   0   0   0   0   0   0   0   0   0   0   0   0  93   7   0   0   0  2.25 0.86
  170 I    -4  -6  -7  -7  -4  -6  -6  -7  -6   5   4  -6  -1  -3  -6  -6  -4  -6  -4   3    0   0   0   0   0   0   0   0   0  38  40   0   1   0   0   0   0   0   0  22  1.32 0.50
  171 K     2   5  -2  -4  -5   0  -3  -4  -2  -3  -2   4  -4  -5  -4   2  -3  -5  -2  -3   16  32   1   0   0   3   0   0   1   1   4  25   0   0   0  13   1   0   1   1  0.76 0.40
  172 N    -2   0   2  -4  -3  -3  -4   5   0  -5  -5  -2  -4  -3  -5   1   2  -5   0  -5    1   5  11   0   0   1   0  47   3   0   1   1   0   1   0  11  14   0   4   0  0.86 0.40
  173 Q    -4   2  -2  -1  -7   7  -1  -3  -2  -6  -6   4  -5  -7  -5  -1  -4  -6  -4  -6    1  11   1   4   0  47   1   2   1   0   0  29   0   0   0   4   0   0   0   0  1.39 0.59
  174 L    -5  -6  -7  -8  -5  -6  -7  -8  -7   1   6  -6  -1  -3  -7  -6  -5  -6  -5   0    0   0   0   0   0   0   0   0   0   5  89   0   1   0   0   0   0   0   0   5  1.84 0.65
  175 Q    -1   5   3  -1  -5   2   1  -3  -1  -5  -5   3  -4  -5  -4  -1  -2  -5   0  -5    6  32  15   3   0  10   6   1   1   0   0  17   0   0   0   4   1   0   4   0  0.72 0.36
  176 K    -1   4   0   0  -4   2   1  -3   0  -4  -3   4  -1  -5  -4  -1   0  -5  -4  -4    4  26   5   4   0  11  10   1   2   0   2  23   1   0   0   4   6   0   0   1  0.58 0.31
  177 L    -5  -6  -7  -7  -5  -5  -6  -7  -6   4   5  -6   5  -1  -6  -6  -4  -5  -4   0    0   0   0   0   0   0   0   0   0  25  57   0  14   1   0   0   0   0   0   3  1.39 0.52
  178 A     2   2  -2  -3  -4  -1   0   1  -2  -5  -5   3  -4  -5  -4   3   0  -5  -4  -4   18  13   0   0   0   1   6  12   0   0   0  21   0   0   0  21   5   0   0   0  0.52 0.31
  179 K    -1   2   0  -2  -4   0   0  -3  -2  -1   2   3   1  -1  -4   0  -1  -4  -1  -1    3  11   6   2   0   2   4   1   0   3  22  24   4   3   0   8   3   0   2   2  0.24 0.20
  180 H     0   1  -1   0  -4   3   2  -3   4  -5  -4   0  -3  -1  -4   1  -2  -3   3  -4    7   8   3   4   0  15  15   1  13   0   1   5   0   3   0  12   2   0  13   0  0.47 0.29
  181 L    -5  -6  -7  -7  -5  -6  -7  -7  -6  -1   6  -6  -1   5  -7  -6  -5  -4  -3  -3    0   0   0   0   0   0   0   0   0   1  74   0   1  25   0   0   0   0   0   0  1.74 0.62
  182 D     0  -1   3   2  -4   0   0   1  -1  -4  -3   1  -1  -4  -3   2   1  -5  -3  -2    8   3  13  11   0   4   6   9   1   0   2   9   1   0   0  22   9   0   1   1  0.30 0.20
  183 T     2  -1   1  -1  -4   3  -1  -1  -3  -3  -4   3  -3  -5  -3   2   2  -5  -4  -3   15   1   6   3   0  12   2   3   0   1   0  23   0   0   0  20  13   0   0   1  0.47 0.29
  184 V     2  -4   3  -4  -3  -4  -4  -4  -4   4  -2  -4  -2  -3  -4  -2  -1  -5  -4   4   22   0  18   0   0   0   0   0   0  27   1   0   0   0   0   1   2   0   0  29  0.68 0.33
  185 L    -2  -3  -4  -4  -3   0  -2  -4  -4   2   4  -3   1  -2   3  -1  -2  -4  -3   1    0   0   0   0   0   5   2   0   0  12  50   0   1   0  17   6   0   0   0   7  0.55 0.21
  186 E    -2  -3   0  -1  -4  -1   4  -4   0  -4  -3  -2  -3   1  -4   0  -2  -1   7  -3    2   0   3   2   0   0  32   0   1   0   0   0   0   4   0   9   1   0  45   0  0.90 0.28
  187 I    -3  -5  -5  -5  -3  -5  -5  -6  -5   7   0  -4   0  -2  -5  -4  -2  -4  -3   2    0   0   0   0   0   0   0   0   0  86   2   0   0   0   0   0   0   0   0  11  1.29 0.30

                      K         Lambda
Standard Ungapped    0.1344     0.3202
Standard Gapped      0.0638     0.2670
PSI Ungapped         0.2085     0.3175
PSI Gapped           0.0638     0.2670
