
Last position-specific scoring matrix computed, weighted observed percentages rounded down, information per position, and relative weight of gapless real matches to pseudocounts
            A   R   N   D   C   Q   E   G   H   I   L   K   M   F   P   S   T   W   Y   V   A   R   N   D   C   Q   E   G   H   I   L   K   M   F   P   S   T   W   Y   V
    1 M    -1  -2  -3  -4  -2  -2  -3  -4  -3   2   3  -3   4   0  -3  -2  -1  -2  -1   2    0   0   0   0   0   0   0   0   0   7  54   0  24   0   0   0   0   0   0  15  0.40 0.04
    2 D     0  -1   0   4  -2   1   1  -1  -1  -3  -3   1  -2  -3  -2   3   0  -4  -3  -3    0   0   0  29   0   5   7   0   0   0   0   9   0   0   0  49   0   0   0   0  0.48 0.08
    3 L    -1  -2  -2  -3  -2  -2  -2  -3   4   0   3  -2   1   1  -3   0  -1  -2   0  -1    3   0   0   0   0   0   0   0  20   3  54   0   2   8   0   8   3   0   0   0  0.37 0.11
    4 C    -1  -2  -1  -4  10  -4  -4   1  -4  -3  -1  -4  -3  -4  -4  -1   0  -4  -4  -2    2   3   4   0  67   0   0  12   0   0   5   0   0   0   0   2   6   0   0   0  1.45 0.27
    5 S     0   2   0  -2   2   0   0  -2   1  -3  -2   2  -2  -1  -2   4   0  -4  -2  -2    4  11   4   0   5   2   3   1   4   1   2  12   0   4   1  43   1   0   0   1  0.34 0.16
    6 S     1   1  -1  -2  -3  -1  -2  -2   0  -2  -1   0  -2  -2   3   3   1  -4   0  -1    8   8   1   0   0   0   0   1   3   2   6   5   0   0  14  37  10   0   3   2  0.34 0.16
    7 T    -1   0   0  -2   2  -1  -2  -2  -2   1  -1   0  -1   1   1   2   3  -3  -2   0    2   5   3   0   4   1   0   2   1  10   5   6   0   7   6  21  23   0   0   3  0.17 0.13
    8 G    -1   1   0  -2   3   2  -1   1   2  -1  -3   2  -2  -1  -2   0   0  -3  -1  -1    2  10   5   1   9  14   0  14   8   4   0  13   0   3   1   4   7   0   1   4  0.19 0.11
    9 R    -2   4   2  -2  -4   0   0  -3   0  -3  -3   4  -3  -4   0   0  -2  -4  -2  -2    2  32  12   0   0   3   4   1   2   1   1  29   0   0   5   7   0   0   1   2  0.57 0.22
   10 G     0   0   1  -2  -2   0  -1   1   1  -2  -2   0  -2  -1   2   2   0   1  -1  -2    9   6  10   0   1   5   0  12   5   3   2   4   1   2  12  20   5   3   2   1  0.20 0.11
   11 A     1   0   0  -1   3   1  -1   0  -1   0  -1   1  -1  -2  -2   1   0  -3  -1   0   13   3   3   2   8   8   0   7   1   7   7  13   0   0   0  16   6   0   2   5  0.10 0.09
   12 C    -1  -1   1  -1   7  -1   0  -2  -3  -1   0   0   0  -1   0   1  -1   1  -3   0    2   3   8   3  27   1   5   2   0   4   7   7   2   2   4  11   2   2   0   7  0.31 0.16
   13 L    -1   0  -1  -2   2   0  -2  -1  -1   1   1   1   0   1   0   0  -1  -2   1   0    1   4   3   0   5   6   0   4   1   8  21  14   0   8   5   6   2   0   5   7  0.06 0.08
   14 S     0   0   1  -2   1  -1   0  -1  -1  -2  -2   0  -2   0   1   3   1  -3  -1  -2    6   4   6   0   4   2   6   2   1   1   3   4   0   5   5  37  11   0   1   1  0.26 0.17
   15 P    -1  -2   0  -2   2   0  -1  -3   0  -2   0   0  -2   0   4   3   0  -3   0  -2    3   1   4   0   4   4   2   0   2   2  11   5   0   5  21  29   3   0   3   1  0.34 0.19
   16 A     0   1   1  -1   3   0   0  -1   1  -1  -1   1   0  -1   0   0   0  -3   0   0    5  10   7   1   9   1   6   2   3   2   5  14   3   2   4   9   6   0   5   6  0.08 0.08
   17 S     0   1   0  -1   3   0  -1  -1  -1  -2  -2   1  -2   1  -1   2   0   0   1  -2    8   8   4   1   9   3   0   3   1   2   3  11   0   8   2  25   5   2   5   1  0.17 0.14
   18 T     0   0  -1  -1  -2   0  -1  -1  -2   0  -1   0   0  -2   1   3   1  -4  -1  -1    6   4   1   3   0   2   1   3   0   5   8   7   2   1   7  34  11   0   1   3  0.20 0.15
   19 S     1   0   0  -2  -2   2  -1  -2   1  -2  -1   0   0   0  -2   3   1   0  -2  -2    9   6   4   1   0  13   1   2   4   0   6   5   2   6   0  27  10   1   0   1  0.21 0.16
   20 R    -1   3   2  -1  -3   1  -1  -2   2  -1  -1   3  -2  -1  -1   0  -2  -2   0  -2    5  20  12   1   0   7   0   1   6   5   7  20   0   2   2   8   0   0   3   0  0.26 0.16
   21 P    -1   1   1  -1  -1   2  -1  -1   1  -2  -1   2  -2   1   2   1  -1  -3   0  -2    4   9   6   1   1  10   1   3   5   3   5  17   0   8   9  12   2   0   3   0  0.17 0.12
   22 C    -2  -2   0  -3   6  -1  -3  -3   1  -1   2  -1  -1   2  -2   1  -1   1   2  -1    1   2   4   0  23   3   0   1   5   3  21   3   0   8   2  11   3   1   7   2  0.35 0.20
   23 P     0  -2  -1  -2   0   0  -1  -2   1   2   0  -1   0  -2   3   1   0  -4  -2   0    5   1   2   1   2   5   2   3   6  17   9   1   1   1  17  17   6   0   0   5  0.20 0.14
   24 A     0  -1   0  -2   0   1  -1  -1   0   0   0  -1  -1   0   0   1   1  -1   0   0    7   3   6   0   2   7   1   4   2   7  11   3   0   6   4  18  11   0   3   4  0.06 0.08
   25 P     0  -1   1  -1  -3   1  -1  -1  -2  -2  -1   1   0  -3   4   1   1  -4  -1  -1    5   3   7   1   0   6   2   5   0   1   8   8   2   0  24  12  11   0   2   3  0.33 0.15
   26 V     0   1   0  -1   0   0   0  -1   2   0   1   0   0   0  -1   0   0  -3  -1   0    7   8   5   3   2   4   4   2   7   5  15   8   3   3   1   7   6   0   1   9  0.02 0.04
   27 H    -2   2   0  -1  -2   0  -1   2   7  -3  -3  -1  -3  -1  -2   0  -1  -4   0  -3    2  11   4   2   1   4   2  17  34   1   2   2   0   3   2   7   3   0   2   2  0.56 0.26
   28 L     0   0  -1  -3   2  -1  -2  -2   2   1   2  -1   0   1  -2   0  -1   0   0   1    6   5   3   0   5   2   0   1   7   8  32   2   1   6   2   8   3   1   2   8  0.12 0.11
   29 R    -1   3   0  -2  -3   1  -1   0   3  -1  -1   1  -2   0  -2   0  -1  -2   3  -2    2  20   3   1   0   5   2   7   8   3   5  10   0   2   1   9   3   0  15   1  0.21 0.14
   30 G    -1   0   2  -2   0  -1  -1   4   0  -3  -2   1  -2   0  -1   1   0  -3  -2  -3    1   6  11   1   3   1   2  32   3   1   2  10   1   6   2  12   4   0   1   1  0.29 0.16
   31 R     0   1   0   0  -2   0   1  -1   2  -1   0   0  -1   0   1   1   0  -3  -1  -1    4  10   4   5   1   2   9   5   8   4   9   7   0   6   6  12   4   0   1   3  0.07 0.06
   32 R    -1   2   1   0  -1   1   0  -2   1   0  -1   1  -1  -1  -1   1   0  -2   1  -1    2  18   6   5   1   7   4   2   3   8   5   7   1   1   2  12   5   0   8   3  0.11 0.09
   33 L     0   2   0  -1   0   1   1  -1   0  -1   0   0  -1   0  -1   0   0   1   0  -1    7  13   5   2   2   5  13   4   2   3   9   5   0   5   1   8   6   2   4   2  0.06 0.05
   34 A     0   1   0  -1   1  -1  -1   1  -1  -2  -2   1  -2   0   1   2   1   0  -2  -2    7   9   3   1   4   1   1  10   1   1   2  11   0   6   6  24   9   1   0   2  0.16 0.12
   35 F    -1   0  -1  -2   1   0  -1   0   2   0  -1   0  -1   1   1   2   0   0   0  -1    1   5   2   0   4   3   1   5   7   6   7   6   0   7   6  26   6   1   4   2  0.11 0.12
   36 S     0   1   1  -1  -2   0  -1  -1   0  -1  -2   2  -1  -2   0   2   1  -1  -1  -1    5  10   7   2   0   1   2   3   3   6   3  14   1   2   3  23  11   1   1   2  0.15 0.12
   37 P     0   0   0  -1   3   0  -1  -2   1  -1   0   0  -1   1   1   1   1  -2   1  -1    8   4   5   1  10   3   1   2   4   3   8   5   0   8   6  11  11   0   5   4  0.09 0.08
   38 A     0  -1  -1  -2   4  -1  -1  -1   0   0   1  -1   0   1   0   0   0   0   2   0    8   2   4   1  13   2   4   4   3   3  18   2   1   5   4  10   3   1   9   5  0.09 0.09
   39 Q    -1   2   0   0  -1   3   0  -2   0  -2   0   2  -2  -2   1   1   0  -3   1  -2    1  12   3   5   1  19   2   1   2   2  10  12   0   1   6  13   4   0   5   1  0.20 0.14
   40 P    -1   0   0  -1   1  -1   0   0  -1  -1  -1   1  -2  -1   2   1   0  -2   0  -1    3   6   6   2   5   1   8   8   0   4   6  13   0   4  13   9   8   0   4   2  0.13 0.08
   41 A     0   2   0  -1   2   0  -1   0   0  -2  -1   1  -1   1   0   1  -1   0   0  -1    5  12   5   3   7   5   2   7   2   1   6  10   2   7   4  13   2   1   4   2  0.07 0.07
   42 G     0   0   2   2   0   1   0   0   3  -2  -1   1  -2  -2   0   1  -1  -3  -1  -2    5   3  10  13   2   9   1   5  11   1   7   9   0   1   3  13   2   0   1   3  0.15 0.11
   43 R    -1   4   1  -1  -2   1   0  -2   2  -1  -2   2  -2  -1  -2   1   0   0   0  -2    1  25   6   1   1   8   2   2   7   4   1  14   0   2   1  11   4   1   4   3  0.25 0.15
   44 R    -1   3   1  -1  -2   1   0   0   1  -3  -2   3  -2  -3  -1   1  -1  -1  -1  -2    3  21   5   1   1   4   5   8   4   1   3  24   0   1   3   9   3   1   1   1  0.28 0.15
   45 H    -1   4   1  -2   1   0  -2  -1   5  -2  -2   0  -2   0  -1   0  -1  -2   2  -3    2  26   6   1   3   2   0   5  17   3   4   4   0   3   3   8   2   0  10   0  0.33 0.19
   46 L    -1   0   2  -1  -1   0  -1  -1  -1   0   1   0  -1   0  -1   0   0  -1  -1   1    4   5  17   3   1   3   2   4   1   6  18   5   0   6   2   9   3   1   1  11  0.04 0.07
   47 P    -1   0  -1  -2  -2  -1  -1  -2  -2   0   0   0  -1   0   3   2   0  -3  -2   1    2   6   3   1   0   2   2   2   0   5   7   4   1   6  17  20   5   0   1  17  0.20 0.13
   48 V     0   1   0  -2  -1  -1  -2  -1   0   2   0   1  -1   0  -2  -1   0  -1   0   2    6   9   7   0   1   0   1   4   2  21   5  10   0   3   0   3   4   1   3  19  0.09 0.10
   49 L     2   1   0  -2   0   0  -2  -2   1  -1   0  -1   2   0   0   0   0   3  -1   0   22  11   4   0   2   5   0   1   4   3   7   1   9   4   5   5   6   5   1   4  0.12 0.12
   50 S     3   0   0  -1   0  -1   0  -1  -2  -1  -2  -1  -1  -2  -1   2   2  -2  -2   0   33   5   4   2   2   2   4   2   0   3   3   1   1   2   2  15  13   0   0   6  0.20 0.15
   51 S     1  -1   1  -1   5   1  -1  -1  -2  -2  -2   0  -2  -2  -1   3   0  -4  -3  -2    9   3   6   3  16   7   1   2   0   2   2   5   0   1   2  33   5   0   0   2  0.35 0.21
   52 A     2  -1   0   1   0  -1   0   1  -1  -1  -2   0  -2  -3  -2   2   0  -1  -3  -1   23   2   4   6   2   1   7  12   1   5   3   4   0   1   1  22   5   1   0   1  0.19 0.13
   53 A     1   0   0  -1  -1   4   1   0   0  -3  -2   1  -2  -2   0   1   0   0  -1  -2   12   4   4   1   1  27   6   7   3   1   2   7   0   1   3  12   5   1   2   1  0.26 0.17
   54 V     1   0  -1  -1  -2   1   0  -2   1  -1  -1  -1  -1  -1   2   1   0  -2   0   1   14   4   1   3   0  10   3   1   4   3   4   2   0   2  11  16   3   0   3  14  0.14 0.11
   55 P     1   0   0  -1   2  -1   0   1  -1  -1  -1  -1  -1   1   3   0  -1   0  -1  -2   11   5   6   1   7   1   5  14   1   3   8   3   0  11  14   5   2   2   1   1  0.14 0.09
   56 A     1  -1   0   0  -2   1   2  -1   1  -2  -2   0   0   0   0   2   0  -3  -1  -1   13   0   3   5   0   5  19   3   3   2   3   4   3   4   3  23   3   0   1   2  0.18 0.13
   57 P     1   0  -1   0  -2   1   1  -1   2  -2  -2   0  -2  -1   3   2   0  -3   0  -2   11   3   2   4   0   6   9   3   7   2   2   3   0   3  16  21   3   0   4   2  0.25 0.12
   58 L     0  -1  -1   0  -2   1   2  -1   0   0   0   0   0  -1   1   1   0  -2  -1   0    4   1   2   5   0   7  17   5   2   3  12   6   1   3   6  11   3   0   1  10  0.08 0.06
   59 P    -1  -2  -1   0  -3   0   2   0   0  -1  -2  -1  -2  -2   5   0  -1  -3  -1  -2    3   1   2   4   0   3  16   8   2   3   3   3   1   2  32   9   3   0   2   2  0.49 0.17
   60 N     0   0   1   2  -3   1   2   0   0  -3  -3   0  -2  -3   1   1   0  -3  -2  -2   10   4   5  13   0   7  16   7   2   1   1   4   1   0   8  15   3   0   1   2  0.23 0.11
   61 G     2  -1   0   1  -2   0   1   1  -1  -2  -2   0  -2  -3  -1   2   0  -3  -2  -1   26   1   4   9   0   4  10  10   2   2   2   4   0   0   2  17   3   0   0   4  0.21 0.13
   62 G     1  -1   1   1  -2   0   0   2   1  -2  -2  -1  -2  -1   1   1   0  -2   1  -1   15   1   7   7   0   4   3  17   4   2   3   2   0   3   7   9   3   0   8   3  0.13 0.09
   63 N     0  -1   2   2  -2   0   0   1   1  -3  -3   0  -3  -2   1   2   0  -2  -1  -2    3   1  12  13   1   4   5  13   4   0   1   4   0   2   5  23   3   1   2   2  0.24 0.14
   64 D     0  -1   0   1  -3   0   1  -1  -2  -3  -2  -1  -3  -2   4   3   0  -4  -3  -2    7   3   2  10   0   4   8   2   0   0   4   3   0   2  20  29   3   0   0   1  0.40 0.20
   65 E     0   1   0   2  -3   0   1  -2  -2  -1  -1   3  -1  -3   2   1   0  -4  -2  -1    5   5   4  12   0   2   6   2   0   3   4  26   1   1   9  11   5   0   1   4  0.22 0.13
   66 S    -1   0   4  -1  -3  -1  -1  -1   0  -2  -3  -1  -2  -4   3   3   1  -4  -3  -2    4   5  21   1   0   1   3   3   2   3   1   3   0   0  17  27   8   0   0   2  0.46 0.24
   67 F    -1  -2  -3  -4  -3  -2  -3  -3  -2   2   2  -1   1   3   1  -1   0   1   0   1    3   1   0   0   0   1   0   0   0  15  23   4   2  17   8   4   4   2   2   9  0.25 0.15
   68 A     0  -1  -3  -3  -2   0  -2  -2  -2   0   2  -2   0   1  -2   0   0   7  -1   1    7   3   1   0   0   4   1   3   1   3  24   1   1   6   1   7   6  16   0  13  0.33 0.18
   69 Q     1   0   3   3  -3   2   1   0  -1  -3  -3   1  -2  -4  -2   0   0  -4  -3  -2   14   4  16  17   0  14   6   6   0   1   1  10   1   0   0   4   6   0   0   1  0.31 0.17
   70 K     0   1   0   0  -3   0   0  -2  -1  -3  -3   3  -2  -3   0   3   0  -4  -2  -2    5   7   4   4   0   3   5   2   1   1   1  28   0   1   3  26   5   0   1   3  0.33 0.20
   71 L    -1  -3  -3  -4  -2  -2  -3  -2  -2   3   2  -2   0   1   2  -2  -1  -3  -1   3    3   1   1   0   0   1   0   2   1  20  16   1   2   5  10   1   4   0   2  31  0.36 0.19
   72 A     0   0  -1  -2  -2   0  -1  -1   0  -1   1   2  -1   0   0   2   0   2  -1  -1    6   5   2   0   0   4   0   3   2   2  17  17   0   4   3  23   4   4   1   2  0.14 0.14
   73 N     0   2   3   3  -3   1   0  -1   1  -4  -3   1  -2  -4   1   1  -1  -4  -1  -3    6  13  18  17   0   5   4   2   4   0   1   8   0   0   6  12   3   0   2   1  0.33 0.18
   74 F     0  -2  -2  -4  -4  -1  -3  -3  -1  -2  -1   0  -2   6  -4   0  -2   8   1  -3    9   2   2   0   0   3   1   1   1   1   5   6   1  37   0   7   2  21   2   0  0.89 0.35
   75 P    -2  -1  -4  -4  -2  -2  -3   1  -4   0   4   1   0   1  -3  -3  -3   2  -2   1    2   3   0   0   0   2   0  13   0   2  49   9   1   6   1   0   0   3   0   8  0.39 0.24
   76 N    -1   0   1   5  -4   0  -1  -2   1  -2  -3  -1  -3  -1  -3   1  -1  -2   4  -3    3   5   7  38   0   3   1   2   3   2   1   1   0   1   0  14   2   0  15   1  0.54 0.28
   77 A     6  -4  -3  -4  -3  -3  -3  -2  -4  -2  -4  -3  -3  -5  -3   2   1  -5  -4   0   66   0   0   0   0   0   0   0   0   2   0   0   0   0   0  18   7   0   0   6  0.99 0.44
   78 F    -4  -5  -5  -6   6  -5  -6  -5  -4  -1   2  -5  -2   7  -6  -2  -3   0   0  -1    0   0   0   0  16   0   0   0   0   2  21   0   0  54   0   2   0   1   1   2  1.30 0.45
   79 W    -5  -5  -6  -7  -3  -5  -6  -6  -1  -4  -5  -6  -4   1  -7  -4  -4  11   7  -4    0   0   0   0   0   0   0   0   1   0   0   0   0   3   0   1   1  49  42   1  2.74 0.73
   80 K    -3   6  -1  -3  -6   1  -1  -4  -2  -5  -4   5  -1  -5  -4  -3  -1  -1  -4  -5    1  46   1   0   0   5   3   0   0   0   1  38   1   0   0   0   3   1   0   0  1.17 0.44
   81 F    -6  -6  -6  -7  -6  -7  -7  -7  -5  -3  -2  -7  -3   9  -7  -6  -6  -2   1  -4    0   0   0   0   0   0   0   0   0   0   1   0   0  97   0   0   0   0   1   0  2.76 0.75
   82 L     0  -3  -2  -3   3  -3  -3  -3  -4   0   2  -3   0  -2  -3   5   1   0  -3   0    4   0   0   0   6   0   0   0   0   4  20   0   1   1   0  48   8   1   0   6  0.55 0.33
   83 R    -5   8  -3  -5  -7  -2  -3  -6  -3  -6  -5  -1  -5  -6  -5  -3  -4  -6  -2  -6    0  96   1   0   0   0   0   0   0   0   0   1   0   0   0   1   1   0   1   0  2.35 0.71
   84 P    -4  -6  -5  -5  -6  -5  -5  -6  -6  -4  -5  -4  -6  -7   9  -3  -4  -7  -6  -5    1   0   0   0   0   0   0   0   0   1   1   0   0   0  96   1   0   0   0   1  2.99 0.78
   85 H    -5  -4  -3  -5  -6  -3  -4  -6  10  -4  -6  -4  -5  -1  -6  -4  -4  -4   5  -4    0   0   0   0   0   0   0   0  76   1   0   0   0   1   0   0   0   0  20   1  2.66 0.75
   86 T     1  -4  -3  -4  -4  -4  -4  -3  -5  -4  -4  -4  -4  -5  -2   0   7  -6  -5  -1    9   0   0   0   0   0   0   1   0   0   0   0   0   0   1   4  82   0   0   2  1.58 0.60
   87 I    -2  -5  -5  -5  -1  -4  -5  -6  -5   6   0  -5   4   0  -5  -4  -2  -2  -3   3    2   0   0   0   1   0   0   0   0  53   3   0  12   4   0   0   0   1   0  23  1.04 0.41
   88 R    -3   3  -4  -5  -1  -3  -4  -5  -1   6   0  -2  -1   0  -5  -3  -1  -4   1   1    1  23   0   0   1   0   0   0   1  52   4   1   1   3   0   1   3   0   4   5  0.77 0.37
   89 G    -1  -5  -3  -4  -5   1  -3   7  -1  -6  -6  -4  -5  -6  -4  -3  -4  -5  -3  -6    3   0   0   0   0   7   1  86   2   0   0   0   0   0   1   0   0   0   1   0  1.80 0.57
   90 T     0  -2  -3  -4  -4  -3  -4  -4  -5  -2  -3  -4  -1  -5  -2   0   7  -5  -4   0    5   1   0   0   0   0   0   0   0   1   1   0   1   0   2   3  79   0   0   7  1.44 0.57
   91 I     3  -3  -3  -3  -2  -3  -3  -3  -4   3   0  -3   0  -1  -3   3   2  -4  -3   1   30   0   0   0   0   0   0   0   0  18   6   0   2   2   0  22  12   0   0   7  0.42 0.27
   92 L    -2  -5  -5  -6  -2  -4  -5  -5  -3   4   5  -5   0  -1  -5  -4  -2  -4  -3   1    2   0   0   0   0   0   0   0   1  21  66   0   1   2   0   0   2   0   0   5  1.02 0.40
   93 G     1  -4  -1  -3  -1  -2  -3   4  -4  -3  -5  -3  -4  -3  -4   5  -1  -5  -4  -4   10   0   1   0   1   1   0  28   0   1   0   0   0   1   0  55   1   0   0   0  0.98 0.44
   94 T     0  -4  -2  -4   0  -3  -4  -4  -4   4  -1  -3  -1  -3  -4   3   1  -5  -3   3    8   0   1   0   2   0   0   0   0  29   1   0   0   0   0  25   7   0   0  27  0.57 0.32
   95 T    -2  -4  -3  -4   1  -3  -4  -3  -4   3   2  -3   0   1  -4   0   3   3  -2   2    1   0   0   0   3   0   0   1   0  21  19   0   1   6   0   6  20   4   0  16  0.41 0.24
   96 A     3  -3  -2  -3   4  -3  -3   2  -4  -4  -4  -3  -3  -5  -3   5  -1  -5  -4  -3   26   0   0   0   9   0   0  16   0   0   0   0   1   0   0  45   2   0   0   1  0.83 0.39
   97 V    -2  -4  -3  -5  -1  -4  -4  -2  -5   1   4  -4   2  -1  -4  -3  -2  -4  -3   4    3   0   1   0   1   0   0   4   0   6  45   0   4   1   0   0   0   0   0  33  0.70 0.31
   98 T     0  -4  -3  -4   0  -3  -3  -3  -2  -2  -3  -3  -3   4  -4   4   0  -2   5   2    5   0   0   0   2   0   0   1   0   0   0   0   0  16   0  34   3   0  20  18  0.65 0.35
   99 A     3  -3  -4  -4  -2  -3  -4  -1  -4   0   4  -3  -1   1  -4  -1   0  -3  -2   0   26   0   0   0   0   0   0   4   0   2  47   0   0   5   0   3   7   0   0   4  0.49 0.28
  100 K    -1   4  -2  -2  -2  -1  -1  -2  -2   3   0   0   0  -1  -2  -1  -1  -2  -2   0    4  33   2   2   1   1   2   2   1  23  10   4   2   2   2   3   2   0   1   4  0.31 0.14
  101 V     4  -4  -4  -4  -1  -3  -2  -3  -4  -1   3  -3  -1  -2  -3  -1  -1  -4  -3   2   41   0   0   0   1   0   2   1   0   0  30   0   0   1   1   2   3   0   0  18  0.55 0.31
  102 L     2  -3  -4  -4  -2  -3  -3  -3  -4   1   3  -3   2   0   2  -2  -2   2  -2   0   21   1   0   0   1   0   0   1   0   7  41   0   5   4  10   1   1   3   0   4  0.42 0.24
  103 M     1  -4  -4  -4  -2  -3  -3  -2  -4   3   1  -3   1  -1  -3  -1  -1  -4  -3   4   16   0   0   0   0   0   0   3   0  19  12   0   3   1   0   5   1   0   0  36  0.45 0.24
  104 E    -1  -1  -1   0  -5   2   6  -3  -2  -2  -2   0  -3  -4  -3  -1   0  -4  -3  -1    3   2   1   4   0   8  56   1   1   3   3   3   0   0   1   2   6   0   0   4  0.74 0.35
  105 N    -1  -1   5   0  -3  -1  -1  -1  -1  -3  -3   3  -3  -2  -3   2   1  -4  -2  -2    3   2  35   2   0   1   1   4   1   1   2  18   0   2   0  15  10   0   1   2  0.52 0.28
  106 P    -1  -1   0  -2  -3  -1  -1  -1  -2   0   1  -1   0  -1   4   1   0  -4  -3   0    3   4   4   2   0   2   2   5   0   4  20   3   2   3  26  11   5   0   0   5  0.32 0.17
  107 G     0  -1   3   0  -3   2   0   0   2  -3  -3  -1  -2  -3  -2   3   1  -1  -2  -3    7   2  14   4   0  11   4   8   5   0   1   2   0   1   1  29   7   1   1   1  0.33 0.21
  108 C    -1  -2   0   5  -2  -1  -1  -2  -2  -1   2  -2  -1   0  -1   0  -1  -2  -1  -2    4   1   3  34   1   1   2   2   1   1  29   1   1   3   2   6   2   0   2   2  0.38 0.24
  109 I    -2  -4  -4  -4  -3  -3  -4  -4  -4   4   2  -4   0   5  -2  -3  -2   0   0   1    2   0   1   1   0   1   0   1   0  33  20   0   1  29   2   2   2   1   1   5  0.66 0.29
  110 D    -1   0   1   0  -3   0  -1  -1  -2  -3  -3   2  -3  -3  -2   4   1  -1  -3  -2    3   3   7   4   0   3   2   2   0   1   1  18   0   1   1  42   9   1   0   2  0.46 0.27
  111 W    -2  -3  -2  -4  -3  -2  -3  -3  -3  -3   0  -3  -2   0   5  -2  -3   9  -1  -1    2   1   2   0   1   1   1   2   1   1  11   1   1   4  31   3   1  33   1   4  1.30 0.42
  112 A     1  -1  -1  -1  -2   0  -1  -1  -1  -1   1  -1  -1  -2   1   3   1   0  -2  -1   11   1   2   2   0   3   3   3   1   2  19   3   1   1   5  29   9   2   1   4  0.17 0.15
  113 L    -2  -3  -1  -4  -3  -2  -4  -3   0   0   3  -3   0   5  -3  -1  -2  -1   1   0    3   1   4   1   0   1   0   2   2   3  37   1   1  31   1   4   0   1   3   6  0.52 0.25
  114 L    -2  -4  -4  -5  -2  -4  -4  -4  -3   1   4  -4   1   5  -3  -3  -2  -1  -1   1    2   0   0   0   1   0   0   1   0   8  45   0   3  27   1   1   1   0   0   9  0.72 0.30
  115 P    -1  -2  -2  -3  -3  -2  -2  -2  -3   1   1  -2   0   3   2  -1   2   1  -1   0    2   2   1   1   0   2   1   4   0  11  13   1   2  20  11   2  18   2   0   7  0.24 0.17
  116 K    -1   1  -2  -2  -4   1  -1   4  -2  -3  -3   3  -3  -3   0   0  -1  -3  -2  -2    4   8   1   1   0   5   2  36   1   1   2  25   0   0   4   4   4   0   1   2  0.47 0.23
  117 A     3  -3  -3  -4  -2  -3  -3  -3  -4   0   2  -3   1   0  -2  -2  -2   1  -1   2   37   0   1   0   0   0   0   1   0   4  28   0   4   3   2   1   1   2   1  15  0.42 0.25
  118 L    -2  -4  -5  -5  -2  -4  -5  -4  -4   1   4  -4   1   5  -4  -4  -3  -2  -1   0    3   0   0   0   1   0   0   1   0   5  54   0   2  27   0   0   0   0   0   5  0.87 0.34
  119 L    -1  -1  -2  -1   0   2   2   0  -2  -1   0   1  -1  -2   2   1  -1   0  -1  -1    3   2   0   0   2  11  17   9   0   4  12  10   1   1  10  11   1   2   2   2  0.15 0.12
  120 G     4  -3  -3  -3  -3  -3  -3   4  -4  -4  -4  -3  -3  -4  -2   0   0  -4  -4  -2   47   0   0   0   0   0   0  37   0   0   0   0   0   0   1   4   5   0   0   3  0.85 0.34
  121 L    -3  -4  -5  -5  -3  -3  -4  -5  -4   2   4  -4   2  -1  -5  -4  -3   7  -2   2    1   0   0   0   0   1   1   0   0  11  50   0   4   0   0   0   0  17   0  13  0.93 0.33
  122 V    -1  -4  -4  -5  -3  -4  -4  -4  -4   4   2  -4   0   2  -4  -3  -1  -3  -2   4    4   0   0   0   0   0   0   1   0  30  18   0   0   9   0   1   2   0   0  34  0.63 0.26
  123 A     6  -4  -4  -4  -3  -2  -2  -2  -4  -3  -4  -3  -3  -4   3   0  -2  -5  -4  -1   72   0   0   0   0   1   1   1   0   1   0   0   0   0  14   6   1   0   0   3  1.05 0.43
  124 L     2  -4  -2  -4   7  -3  -4  -3  -2   0   2  -3   1  -1  -3   0  -2  -4  -2   0   25   0   1   0  25   0   0   0   1   6  24   0   5   2   0   6   0   0   1   4  0.57 0.26
  125 L    -2  -4  -5  -5  -3  -4  -5  -5  -5   4   5  -4   1   0  -4  -4  -2  -4  -3   1    2   0   0   0   0   0   0   0   0  24  59   0   1   3   0   0   2   0   0   7  0.86 0.32
  126 C    -1  -5  -5  -5   8  -4  -5  -1  -4  -2   3  -5   0   4  -4  -3  -3  -3  -2  -2    3   0   0   0  37   0   0   4   0   1  28   0   2  21   1   1   0   0   0   0  1.07 0.38
  127 G     1  -4  -3  -4  -1  -3  -4   5  -4  -2  -2  -3   7  -3  -4  -2  -3  -4  -2  -2   13   0   0   0   1   0   0  46   0   1   2   0  32   0   0   1   1   0   1   1  1.02 0.41
  128 N    -4  -3   8  -1  -1  -1  -3  -2   2  -5  -5  -1  -4  -3  -4  -2  -2  -6  -2  -5    1   0  80   1   1   1   0   2   5   0   1   2   0   1   0   1   1   0   1   0  1.68 0.54
  129 G     1  -4  -3  -4  -2  -3  -4   2  -4   4   0  -3  -1  -2  -4  -1  -1  -4  -3   3   11   0   0   0   0   0   0  17   0  38   3   0   1   1   0   4   1   0   0  24  0.51 0.25
  130 Y    -4  -5  -5  -6  -2  -4  -5  -6  -1  -4  -3  -5  -4   2  -6  -4  -4  -1   9  -4    0   0   0   0   1   0   0   0   0   0   1   0   0   6   0   1   0   0  89   0  2.53 0.69
  131 I    -2  -5  -2  -5  -3  -4  -5  -5  -3   7   0  -4   0  -1  -5  -3  -1  -4   0   3    1   0   2   0   0   0   0   0   1  70   2   0   1   1   0   1   2   0   4  14  1.11 0.40
  132 V     0  -4   1  -4   0  -4  -4  -4  -4   1  -2  -4  -2  -3  -4  -2  -2  -5  -2   6    6   0   9   0   2   0   0   0   0   3   0   0   0   0   0   2   1   0   1  75  1.06 0.42
  133 G    -2  -5  -3  -4  -1  -4  -5   7  -5  -6  -6  -4  -5  -6  -5  -3  -3  -5  -6  -6    1   0   0   0   1   0   0  95   0   0   0   0   0   0   0   0   1   0   0   0  2.08 0.56
  134 I    -3  -4  -5  -5  -3  -4  -5  -6  -5   5   5  -5   0  -1  -5  -4  -3  -4  -3   0    0   0   0   0   0   0   0   0   0  39  57   0   0   1   0   0   0   0   0   1  1.12 0.39
  135 N    -4  -3   9  -2  -6  -3  -3  -3  -2  -6  -6  -3  -5  -6  -5  -2  -3  -6  -5  -6    0   0  98   0   0   0   0   0   0   0   0   0   0   0   0   0   0   0   0   0  2.46 0.69
  136 Q    -4  -2  -3  -3  -6   9  -1  -5  -1  -6  -5  -2  -2  -6  -4  -3  -4  -5  -4  -5    0   0   0   0   0  96   0   0   1   0   0   0   1   0   0   0   0   0   0   0  2.39 0.73
  137 I    -3  -5  -5  -5  -3  -4  -5  -6  -5   5   5  -5   0  -2  -5  -4  -3  -4  -3   1    0   0   0   0   0   0   0   0   0  42  53   0   0   0   0   0   0   0   0   3  1.11 0.39
  138 Y    -3  -3  -3  -3   1  -2   2  -4  -1  -3  -3  -3  -3   4  -4   1   0   0   6  -2    1   0   0   0   3   1  16   0   0   1   1   0   0  20   0  11   6   1  37   2  0.80 0.35
  139 D    -5  -4  -2   8  -6  -3  -1  -4  -4  -6  -6  -4  -6  -6  -4  -3  -4  -7  -6  -6    0   0   0  98   0   0   0   0   0   0   0   0   0   0   0   0   0   0   0   0  2.42 0.66
  140 V     0  -4  -5  -5  -3  -3  -4  -5  -5   5   0  -4   0  -2  -4  -3  -2  -5  -3   5    6   0   0   0   0   1   0   0   0  46   3   0   1   0   0   0   0   0   0  41  0.98 0.37
  141 D     0  -2  -2   4  -5   0   5   1  -2  -5  -5   0  -4  -5  -2  -1  -3  -5  -4  -4    8   1   0  23   0   3  47   9   0   0   0   3   0   0   1   3   0   0   0   0  0.83 0.33
  142 I    -4  -5  -6  -6  -4  -5  -6  -6  -6   8  -1  -5  -1  -3  -5  -3  -3  -5  -4   1    0   0   0   0   0   0   0   0   0  93   1   0   1   0   0   2   1   0   0   2  1.82 0.56
  143 D    -5  -4  -2   8  -6  -3  -1  -4  -4  -6  -6  -4  -6  -6  -4  -3  -4  -7  -6  -6    0   0   0  97   0   0   1   0   0   0   0   0   0   0   0   0   0   0   0   0  2.37 0.65
  144 V    -3   4  -3  -3  -5   0  -1  -4  -3  -4  -5   6  -3  -5  -4  -3  -3  -5  -4  -3    1  26   0   0   0   3   1   0   0   0   0  66   0   0   0   0   0   0   0   2  1.34 0.47
  145 V    -3  -5  -5  -5  -3  -4  -5  -5  -5   6  -1  -5   1  -3  -5  -4  -2  -5  -3   5    0   0   0   0   0   0   0   0   0  46   1   0   3   0   0   0   1   0   0  47  1.21 0.43
  146 N    -4  -3   9  -2  -6  -3  -3  -3  -2  -6  -6  -3  -5  -6  -5  -2  -3  -6  -5  -6    0   0  97   0   0   0   0   0   0   0   0   0   0   0   0   1   1   0   0   0  2.46 0.71
  147 K    -4  -1  -3  -4  -6  -2  -2  -4  -4  -5  -5   8  -4  -6  -4  -3  -3  -6  -5  -5    0   0   0   0   0   0   0   0   0   0   0  97   0   0   0   0   1   0   0   0  2.07 0.66
  148 P    -3  -5  -5  -4  -6  -3  -4  -5  -5  -5  -6  -4  -5  -6   9  -3  -4  -6  -6  -5    1   0   0   0   0   1   0   0   0   1   0   0   0   0  95   1   0   0   0   0  2.88 0.73
  149 F    -4  -3   0   1  -5  -2  -2  -4   6  -4  -4  -4  -3   3  -5  -3  -2   0   7  -4    0   0   4   8   0   2   1   1  18   0   0   0   0  11   0   1   3   0  50   0  1.28 0.45
  150 L    -4  -3  -6  -6  -4  -5  -5  -6  -5  -1   6  -5   0  -2  -5  -5  -4  -4  -4  -2    0   1   0   0   0   0   0   0   0   0  97   0   0   0   0   0   0   0   0   0  1.61 0.53
  151 P    -3  -5  -5  -4  -6  -4  -4  -5  -5  -6  -6  -4  -5  -6   9  -3  -4  -6  -6  -5    2   0   0   0   0   0   0   0   0   0   0   0   0   0  95   1   0   0   0   0  2.92 0.73
  152 V    -3  -4  -5  -5  -3  -4  -5  -5  -5   5   5  -4   0  -2  -5  -4  -3  -4  -3   1    0   0   0   0   0   0   0   0   0  33  57   0   0   0   0   0   0   0   0   8  1.03 0.37
  153 A     6  -4  -4  -4  -3  -3  -4  -3  -4  -4  -4  -3  -4  -5   2  -2  -2  -5  -4  -2   85   0   0   0   0   0   0   0   0   0   0   0   0   0  11   0   1   0   0   2  1.46 0.56
  154 S     4  -2  -2  -3  -3  -3  -3  -2  -4  -4  -4  -2  -4  -5  -3   5  -1  -5  -4  -3   41   1   1   0   0   0   0   0   0   0   0   1   0   0   0  54   2   0   0   0  1.11 0.49
  155 G    -2  -3  -2  -4  -5  -3  -3   7  -5  -6  -6  -3  -5  -6  -5  -3  -4  -5  -6  -6    1   1   1   0   0   1   1  93   0   0   0   1   0   0   0   0   0   0   0   0  2.04 0.60
  156 E    -2  -1   0   4  -6   0   6  -4  -2  -5  -5  -1  -4  -5  -4  -2  -3  -5  -4  -4    3   2   2  26   0   2  59   1   0   0   0   2   0   0   0   1   0   0   0   1  1.21 0.46
  157 L    -4  -4  -5  -5  -4  -4  -5  -5  -3   1   3  -4   2   6  -5  -4  -3  -1   5  -1    0   0   0   0   0   0   0   0   0   9  31   0   6  32   0   0   0   0  20   1  0.98 0.37
  158 S    -2  -4  -2  -3  -4  -3  -2  -3  -4  -5  -5  -3  -4  -5  -3   7   1  -6  -5  -4    0   0   0   0   0   0   1   0   0   0   0   1   0   0   0  90   8   0   0   0  1.66 0.64
  159 P    -2   1  -3  -3  -3  -1  -2  -3  -3   1   1  -1   3   2   1  -2  -1   0  -1   3    0   8   0   0   0   3   2   1   0   4  16   4  11  11   7   1   2   1   0  28  0.25 0.19
  160 A     0   2  -1  -2  -4   3   0   2  -2  -3  -3   3  -2  -2   0  -1   0  -2  -3  -3    9  13   1   1   0  14   6  15   0   1   1  24   0   2   5   3   6   0   0   1  0.32 0.20
  161 L    -1  -2  -2  -2  -3   5  -1  -3  -1  -2  -1  -1   0  -1  -3   2   4  -2  -3  -2    5   0   1   1   0  28   1   0   1   1   5   1   3   2   0  14  35   0   0   2  0.59 0.35
  162 A     4  -4  -3  -4  -4  -3  -4   6  -4  -5  -5  -3  -4  -5  -4  -2  -3  -5  -5  -4   44   0   0   0   0   0   0  54   0   0   0   0   0   0   0   1   0   0   0   0  1.32 0.48
  163 W    -2   0  -4  -4  -2   0  -3  -4  -4   1  -2  -1  -2  -2  -4  -3  -1  10  -1   2    3   6   0   0   1   5   1   1   0   9   1   4   1   1   0   2   4  41   1  20  1.26 0.41
  164 G     1  -2  -3  -3  -2  -1  -3  -1  -3   1   1  -2   1   3  -3  -1   0   4   0   0   19   2   0   0   0   4   0   4   0  12  15   2   3  17   0   3   5   6   2   5  0.21 0.15
  165 L    -3  -5  -5  -5  -3  -5  -5  -6  -5   6   4  -5   0  -1  -5  -4  -3  -4  -3   1    1   0   0   0   0   0   0   0   0  50  40   0   1   1   0   0   0   0   0   5  1.08 0.40
  166 C    -2  -4  -5  -5   1  -4  -4  -5  -5   3  -1  -4   2  -3  -4  -3   1  -5  -3   6    2   0   0   0   3   0   0   0   0  12   0   0   4   0   0   0   8   0   0  70  1.11 0.44
  167 L     1  -3  -2  -3  -1  -2  -3  -1  -3   3   1  -2   0  -1  -3   1   1   0  -2   2   13   0   0   0   1   0   1   5   0  24  12   1   1   2   0  13   9   2   0  16  0.22 0.15
  168 S     2  -3  -2  -3  -2  -2  -3   0  -3   0   0  -3  -2   4  -3   2   1  -2  -1   0   17   0   1   0   1   0   0   8   0   6   6   0   0  23   0  21  11   0   0   5  0.30 0.21
  169 L    -1  -3  -2  -2   2  -3  -3  -3  -3   1   0  -3   0   5  -2   2   0  -2   1   0    2   0   1   3   5   0   1   0   0   9   7   0   1  35   1  22   4   0   2   4  0.47 0.26
  170 A     3  -3  -2  -3  -1  -2  -3   2  -3  -1   1  -2  -1  -2  -3   1   2  -3  -3   1   32   0   0   0   1   0   0  15   0   0  14   0   1   1   0  10  13   0   0  11  0.32 0.22
  171 A     1  -4  -3  -4  -1  -3  -3   2  -4   3   2  -3   0   0  -3  -1  -1  -3  -2   2   11   0   0   0   1   0   0  18   0  23  18   0   1   3   0   5   1   0   0  18  0.32 0.19
  172 A     2  -3  -3  -4  -1  -3  -3   0  -4   2   2  -3   5   0  -3  -1   1  -2  -2   1   18   0   0   0   1   0   0   6   0  14  20   0  18   3   0   1   8   0   0   8  0.34 0.22
  173 G     0  -3  -2  -2   0  -3  -3   4  -3  -3   0  -3  -3  -3  -3   4  -2   0  -4  -3    7   0   0   1   2   0   0  35   0   1  14   0   0   1   0  35   0   1   0   1  0.62 0.32
  174 A     2  -4  -4  -4  -3  -1  -4  -3  -3   1   3  -3   0   4  -2  -2  -2  -3  -1   0   19   0   0   0   0   3   0   1   0   5  37   0   1  24   2   1   1   0   0   5  0.49 0.27
  175 G     1  -3  -3  -4  -1  -3  -3   1  -4   1   3  -3   0  -1  -4   1  -1   6  -2  -1   14   0   0   0   1   0   0  10   0   6  36   0   1   1   0  10   2  14   0   3  0.47 0.25
  176 I    -1  -4  -4  -4  -3  -3  -4  -4  -4   5   3  -3   3  -2  -4  -2  -1  -1  -2   2    4   0   0   0   0   0   0   1   0  44  25   1   8   0   0   2   2   1   1  10  0.67 0.29
  177 V     0  -3  -3  -4  -2  -3  -3   3  -4   1   2  -3   0  -1  -3  -2  -1  -2  -3   3    9   0   0   0   1   0   0  27   0   6  24   0   2   2   0   2   3   0   0  24  0.37 0.21
  178 A     3   0  -3  -4  -2  -1  -3   1  -3   0  -2  -1  -1  -1  -3   0  -1   8   0  -1   26   7   0   0   0   2   0  11   0   6   4   4   1   1   0   7   2  23   2   5  0.57 0.27
  179 A     0  -1  -2  -4  -2  -2  -3  -1  -2   2   2  -2   3   1  -3  -1   0   4  -1   1   11   3   1   0   0   1   0   4   1  11  25   2  10   4   0   4   5   7   0  10  0.22 0.15
  180 N    -1  -3   3  -2  -1  -2  -2  -2  -2   0   1  -2   3   3  -3   0  -1   2   0   2    3   0  18   0   1   0   1   1   0   5  11   1  10  14   0   6   2   3   1  18  0.23 0.19
  181 F    -2   0   2  -2  -1   2  -2   3  -1  -3  -1   0  -2   4  -3   0  -2   1  -1  -3    1   5  12   1   1  13   1  22   1   0   5   6   0  23   0   5   2   2   0   0  0.34 0.23
  182 G     1  -3  -1  -2  -3  -2  -3   5  -3  -4  -5  -3  -4  -5   0   4  -2  -5  -4  -4   11   0   1   1   0   1   1  42   0   1   0   0   0   0   4  37   1   0   0   0  0.87 0.37
  183 N    -2   0  -1   1  -5  -1  -3  -3  -3  -3  -2  -2  -3  -2   6  -2  -3   7  -2  -3    2   5   2   9   0   3   0   1   0   2   5   2   1   1  43   2   1  19   1   2  1.13 0.40
  184 L    -3  -4  -5  -5  -4  -4  -4  -5  -4  -1   1  -4  -2   5   5  -4  -2   6   2  -3    1   1   0   0   0   0   0   0   0   4  17   0   0  25  32   0   2  10   7   0  1.00 0.37
  185 I    -3  -5  -5  -5  -3  -4  -5  -6  -5   5   5  -5   0  -1  -5  -4  -2   0  -3   0    0   0   0   0   0   0   0   0   0  32  60   0   0   1   0   0   2   1   0   2  1.06 0.40
  186 T    -2  -4  -4  -4  -2  -4  -4  -2  -4  -1   2  -4   0   5  -4  -1   4   1  -1  -1    2   0   0   0   0   0   0   3   0   2  24   0   2  33   0   2  28   2   0   1  0.67 0.33
  187 S     1  -3  -2  -3   2  -2  -3   1  -3  -1  -1  -1  -2  -1  -3   3   0   7  -1  -2   14   0   1   0   5   1   0  12   0   3   8   3   0   2   0  24   4  19   1   2  0.53 0.27
  188 L     2  -3  -3  -4   0  -3  -3  -1  -4   0   3  -3   4  -1  -3  -1   2  -2  -3  -1   25   0   0   0   2   0   0   3   0   3  33   0  12   2   0   2  18   1   0   1  0.43 0.27
  189 Y    -3  -4  -4  -5  -4  -4  -4  -5  -2   1   3  -4  -1   1  -4  -4  -3  -2   6   3    1   0   1   0   0   0   0   0   0   4  26   0   0   4   1   0   0   0  35  28  0.89 0.38
  190 T     1  -3  -3  -3   6  -3  -3   1  -3   0   0  -3  -1   2  -3   1   0   1  -1   0   13   0   0   0  20   0   0  11   0   4  12   0   0  13   0  13   5   2   1   6  0.35 0.21
  191 F    -2  -4  -4  -4  -1  -4  -4  -3  -4   4   3  -4   0   3  -4  -2  -1  -3  -2   2    2   0   0   0   1   0   0   2   0  28  28   0   1  14   0   3   4   0   0  16  0.52 0.24
  192 G    -1  -3  -2  -3   2  -3  -3   4  -1  -5  -5  -3  -4  -3  -3   5  -1   2  -1  -4    2   0   0   0   5   0   0  30   1   0   0   0   0   1   1  50   3   3   3   0  0.86 0.40
  193 L    -3  -4  -3  -5  -2  -4  -5  -5  -4   1   5  -4   1   5  -5  -4  -3  -1  -1  -1    2   0   1   0   1   0   0   0   0   6  56   0   3  27   0   0   1   0   1   1  0.94 0.37
  194 F     1  -4  -4  -4  -3  -4  -4  -3  -4   2   3  -4   1   4  -4  -2  -1  -1  -1   2   13   0   0   0   0   0   0   1   0  10  29   0   2  25   0   3   2   1   0  13  0.47 0.24
  195 L    -3  -4  -5  -5  -3  -4  -5  -6  -5   4   5  -5   1   0  -5  -4  -2  -4  -3   0    1   0   0   0   0   0   0   0   0  26  63   0   1   4   0   1   1   0   0   2  1.02 0.39
  196 G     0  -5  -3  -3  -5  -4  -5   7  -5  -6  -6  -4  -5  -6  -5  -1  -3   0  -5  -5    7   0   0   1   0   0   0  87   0   0   0   0   0   0   0   2   1   1   0   0  1.83 0.55
  197 T     0  -4  -3  -4  -4  -3  -4  -3  -2  -3  -4  -3  -3  -3  -4   1   7  -5  -3  -2    6   0   0   0   0   0   0   1   1   1   0   0   0   1   0   8  80   0   1   1  1.46 0.57
  198 V     5  -4  -4  -4  -3  -3  -3  -2  -4   3   1  -3   1   1  -3  -1  -2  -4  -3   1   53   0   0   0   0   0   0   1   0  18  10   0   4   6   0   2   0   0   0   7  0.62 0.33
  199 Y    -5  -5  -5  -6  -6  -5  -5  -6  -2  -5  -4  -5  -4   0  -6  -5  -5  -1  10  -4    0   0   0   0   0   0   0   0   0   0   0   0   0   0   0   0   0   0  98   1  3.03 0.84
  200 S    -2  -3  -2  -3  -4  -3  -3  -3  -4  -5  -5  -3  -4  -5  -4   7   0  -6  -3  -5    0   1   1   0   0   0   0   0   0   0   0   0   0   0   0  94   2   0   1   0  1.77 0.67
  201 V     0  -4  -5  -5  -3  -4  -4  -5  -5   4   3  -3   0  -2  -4  -3  -2  -4  -3   4    8   0   0   0   0   0   0   0   0  22  28   1   0   1   0   0   1   0   0  39  0.73 0.32
  202 P    -4  -6  -5  -1  -6  -5  -4  -6  -6  -6  -6  -4  -6  -7   9  -4  -4  -7  -6  -4    0   0   0   3   0   0   0   0   0   0   0   0   0   0  96   0   0   0   0   1  2.98 0.79
  203 P    -4  -5  -5  -3  -5  -4  -4  -5  -5  -3   2  -4   0   2   7  -4  -4  -4  -1  -2    0   0   0   1   0   0   0   0   0   0  20   0   3   8  64   0   0   0   2   2  1.62 0.51
  204 L    -3  -4  -5  -5  -3  -4  -5  -5  -4   3   4  -4   1   5  -5  -3  -3  -3  -1   1    0   0   0   0   0   0   0   0   0  21  39   0   3  30   0   2   0   0   0   5  0.86 0.34
  205 R    -4   8  -3  -5  -6  -1  -3  -3  -1  -6  -5  -1  -4  -6  -5  -4  -4  -6  -3  -5    0  94   0   0   0   2   0   2   1   0   0   0   0   0   0   0   0   0   1   0  2.23 0.69
  206 L    -4  -5  -6  -6  -4  -4  -5  -5  -5  -2   3  -5   4   3  -6  -5  -2  10  -1  -2    0   0   0   0   0   0   0   0   0   0  35   0  11  12   0   0   2  37   0   2  1.62 0.51
  207 K    -4   0  -3  -4  -6  -2  -2  -3  -4  -6  -5   8  -4  -6  -4  -3  -4  -6  -5  -5    0   1   0   0   0   0   0   2   0   0   0  96   0   0   0   0   0   0   0   0  2.06 0.68
  208 Q    -4   7  -2  -4  -6   1  -1  -1  -3  -4  -5   2  -1  -5  -4  -3  -2  -5  -4  -5    0  70   1   0   0   7   2   5   0   1   0   9   1   0   0   0   2   0   0   0  1.38 0.49
  209 Y    -3  -4   2  -2  -4  -3  -4  -4   3  -2  -3  -3  -3   7  -5   2  -3   0   3  -3    0   0  10   1   0   1   0   0   7   1   0   1   0  55   0  16   0   1   7   0  1.11 0.44
  210 A     3  -4  -4  -4  -4  -3  -3  -4  -3  -5  -5  -3  -4  -5   7   1  -2  -6  -5  -3   26   0   0   0   0   0   0   0   1   0   0   0   0   0  59  10   1   0   0   2  1.59 0.52
  211 V    -2  -4  -5  -5  -3  -4  -4  -5  -4   2   2  -4   0   5  -4  -3  -2   0   0   4    2   0   0   0   0   0   0   0   0  11  18   0   1  28   1   1   1   1   1  36  0.73 0.31
  212 P     3  -4  -4  -5  -3  -3  -4  -3  -4   0   3  -4  -1  -1  -1  -2  -1   7  -2   1   26   0   0   0   0   0   0   0   0   3  28   0   1   1   2   2   3  20   0  13  0.69 0.31
  213 A     6  -4  -4  -2  -3  -3  -3  -3  -4  -4  -4  -3  -3  -5  -3   0   2  -5  -4  -3   84   0   0   2   0   0   0   0   0   0   0   0   0   0   0   2  11   0   0   0  1.36 0.54
  214 F     5  -4  -3  -4  -3  -3  -3  -1  -4  -2  -2  -3  -3   4  -3   1  -1  -3  -2  -1   57   0   0   0   0   0   0   3   0   2   2   0   0  19   1  10   3   0   0   2  0.76 0.38
  215 M    -1  -4  -4  -5  -2  -3  -4  -4  -4   3   4  -4   4   2  -4  -2  -1  -3  -2   0    4   0   0   0   0   0   0   1   0  16  43   0  16   9   0   3   3   0   0   4  0.61 0.28
  216 I    -2  -5  -3  -5  10  -5  -5  -5  -5   3  -1  -5  -3  -3  -5  -1   0   0  -3   0    1   0   1   0  57   0   0   0   0  19   3   0   0   0   0   4   6   1   0   6  1.65 0.52
  217 I    -4  -5  -1  -5  -4  -5  -5  -6  -5   7   0  -5   0  -3  -5  -4  -3  -5  -4   0    0   0   3   0   0   0   0   0   0  85   6   0   1   0   0   1   0   0   0   2  1.61 0.55
  218 A     2  -4  -4  -4  -3  -3  -4  -3  -3   0   2  -3   1   5   1  -1  -2  -2   0   0   24   0   0   0   0   0   0   0   0   2  26   0   3  26   9   3   0   0   1   5  0.49 0.27
  219 T     2  -3  -2  -3   2  -2  -3  -1  -1   0   0  -2   1   0  -2   2   3  -3  -2   0   18   0   0   0   4   0   0   3   1   5   8   0   5   4   1  15  28   0   0   6  0.29 0.21
  220 V    -2  -4  -1  -4  -1  -4  -3  -4  -5   1   0  -4   0  -3  -4  -2   0  -5  -3   6    1   0   3   1   1   0   1   1   0   3   7   0   2   0   0   2   4   0   0  74  1.02 0.43
  221 R    -2   7  -2  -4  -2  -1  -3  -3   0  -3  -4  -1   0  -3  -4  -1  -2   0  -1  -4    3  73   1   0   1   1   0   2   2   1   1   1   2   1   0   5   1   1   2   0  1.31 0.49
  222 G     3  -4  -3  -3  -2  -3  -4   6  -4  -4  -5  -3  -4  -4  -4  -1  -1  -4  -4  -3   26   0   0   0   1   0   0  63   0   0   0   0   0   1   0   3   3   0   0   2  1.18 0.41
  223 F     0  -4  -4  -4  -2  -4  -4  -3  -4   3   1  -4   0   4  -3  -3   0   1  -1   3    8   0   0   0   0   0   0   1   0  18   8   0   1  24   1   1   6   1   1  29  0.50 0.24
  224 L    -2  -4  -4  -5  -1  -4  -4  -2  -5   5   3  -4   0  -2  -4  -2  -1  -4  -3   2    2   0   0   0   1   0   0   4   0  42  30   0   1   0   0   2   3   0   0  15  0.71 0.30
  225 L    -2  -2  -1  -4  -1  -1  -4  -5   1   1   2  -3   0   0  -4  -3  -2  -4  -2   5    0   2   3   0   1   3   0   0   5   4  23   0   1   3   0   1   1   0   1  50  0.60 0.30
  226 N    -4  -3   7  -2  -3   5  -2  -3   1  -4  -5  -2  -4  -5   0  -2  -2  -5  -3  -4    0   0  60   0   1  26   0   0   2   1   0   0   0   0   5   1   2   0   1   1  1.40 0.54
  227 F    -2  -4  -2  -5  -3  -4  -4  -5  -3   2   4  -4   0   5  -4  -4  -2  -2   0   1    1   0   2   0   0   0   0   0   0  11  45   0   0  26   1   0   1   0   2   8  0.72 0.30
  228 G     3  -4  -3  -4  -3  -4  -4   6  -4  -5  -3  -3  -1  -5  -3  -1  -2  -5  -5  -4   23   0   0   0   0   0   0  67   0   0   2   0   1   0   1   2   2   0   0   0  1.24 0.43
  229 V    -3  -4  -5  -5  -3  -4  -4  -5  -4   1   3  -4  -1   5  -5  -4  -3  -2   2   4    0   0   0   0   0   0   0   0   0   7  26   0   0  25   0   0   0   0   6  33  0.75 0.32
  230 Y    -4  -4  -3  -5  -4  -2  -5  -5   0  -1   0  -5  -2   7  -5  -4  -4   1   7  -3    0   0   1   0   0   2   0   0   2   2   8   0   0  47   0   0   0   1  35   1  1.47 0.48
  231 S    -2  -3  -4  -5   1  -3  -4  -4   2   0   3  -3   0   1  -4  -2  -3   0   6  -1    4   1   0   0   3   1   0   1   6   2  40   0   1   2   0   2   1   1  32   3  0.74 0.33
  232 A     4  -3  -2  -4  -4  -2  -3  -4   9  -5  -3  -3  -4  -3  -4  -2  -2  -5   0  -4   36   0   1   0   0   0   0   0  54   0   2   0   0   1   0   1   2   0   3   0  1.58 0.55
  233 T    -1  -3  -3  -4  -3  -1  -3  -4  -3   2  -1  -3   5   4  -4   0   3  -3   1   0    3   0   0   0   0   3   0   0   0  14   2   0  17  21   0   5  27   0   3   4  0.53 0.30
  234 R    -2   4   1  -2  -4   5  -1  -3  -1  -2  -3   0  -1  -5  -4   1   1  -4  -4  -3    1  30   5   1   0  34   0   1   1   2   1   4   1   0   0  10   7   0   0   1  0.75 0.37
  235 A     2  -2  -2   0  -3   0  -1  -2   4  -3  -3  -1  -2  -2  -3   0   2   5   2  -1   26   1   1   5   0   4   3   1  13   1   1   2   0   1   0   4  15   9   9   2  0.39 0.24
  236 A     2  -2  -3  -3  -2  -2  -3  -1  -3   0  -1  -2   0  -3  -3   1   0  -1  -3   4   24   2   0   1   0   2   0   3   0   2   4   1   2   0   0  14   4   1   0  41  0.42 0.27
  237 L    -3  -4  -5  -5  -3  -4  -5  -4  -4   1   5  -4   0   4  -5  -4  -2  -1   2  -1    1   0   0   0   0   0   0   1   0   5  64   0   1  16   0   1   1   1   7   1  0.90 0.36
  238 G    -1   0   0  -2  -4   2  -2   5  -1  -4  -4   1  -3  -5  -2  -1  -2  -3  -4  -4    3   5   4   0   0  10   2  55   1   1   1  11   0   0   1   3   2   0   0   1  0.80 0.32
  239 L    -2   4  -2  -3  -4   1  -2   0  -2   0   3   0  -1  -2  -3  -2  -2  -4  -2  -1    2  32   2   0   0   6   1   7   0   4  37   3   0   0   1   2   1   0   1   2  0.43 0.26
  240 P     0  -1  -1  -3  -4   0  -2  -2  -3  -3  -3  -2  -4  -5   7   1   0  -5  -4  -3    8   3   3   1   0   4   1   2   0   1   2   1   0   0  55   9   7   0   0   1  1.19 0.40
  241 F     1  -3  -3  -3  -3   0  -2  -3  -3   0   0  -3  -1   6   1  -2  -1  -1   0   1   13   1   0   1   0   5   2   1   0   6   8   0   1  39   8   2   3   0   0   9  0.47 0.26
  242 E     0  -1  -1  -1  -1   2   1  -1  -2   0   0  -1   1  -1  -2   0   0   0  -2   2    9   3   2   1   1  14  11   3   0   5   5   2   4   3   1   6   5   1   0  24  0.11 0.13
  243 W    -3  -5  -5  -6  -4  -4  -5  -5  -4   3   2  -5  -1   4  -3  -5  -4   9   0  -1    1   0   0   0   0   0   0   0   0  20  16   0   1  20   1   0   0  35   1   2  1.42 0.45
  244 S    -1  -2   1  -3  -2  -2  -2  -3  -3  -3  -4  -2  -3  -4   4   4   3  -5  -3  -2    1   1   6   0   1   0   0   1   0   1   1   0   0   0  24  43  18   0   1   1  0.83 0.38
  245 P     0   4  -2  -3  -4  -2  -2  -2  -3  -3  -2   2  -3  -2   5   1  -2  -3  -2  -3    7  25   1   0   0   0   0   2   0   1   4  11   0   2  35   9   0   0   1   1  0.79 0.32
  246 A     1  -2  -2  -3  -4   0  -1  -2  -3  -3  -4  -1  -3  -4   6   3  -1   0  -3  -2   11   1   1   0   0   3   3   1   0   1   1   2   0   0  41  26   3   1   1   2  0.91 0.35
  247 V    -2  -4  -1  -4  -3  -4  -4  -5  -4   3   3  -4   0   0  -4  -3  -1  -4  -3   5    1   0   3   1   0   0   0   0   0  15  29   0   1   3   0   1   2   0   0  43  0.68 0.30
  248 S     1  -4  -4  -5  -2  -3  -4  -3  -4   3   0  -4   1  -1  -4  -2  -1   8  -2   3   11   0   0   0   1   1   0   2   0  23   7   0   3   1   0   3   3  24   0  20  0.78 0.31
  249 F     0  -5  -5  -5  -3  -5  -5  -5  -4  -1  -1  -5   0   8  -5  -4  -2  -1   0   0   10   0   0   0   1   0   0   0   0   2   4   0   2  69   0   0   2   0   0   8  1.41 0.48
  250 I     3  -4  -4  -4   0  -3  -4  -2  -4   4   3  -3   0  -1  -4  -2  -1  -4  -3   0   27   0   0   0   1   0   0   2   0  31  32   0   0   1   0   2   2   0   0   1  0.55 0.29
  251 T     0  -4  -3  -4  -3  -3  -3  -4  -4   0  -2  -3   0  -4  -3  -1   7  -5  -4   1    6   0   0   0   0   0   0   0   0   6   3   0   2   0   0   2  70   0   0   8  1.12 0.47
  252 V     3  -1  -2  -3   1  -2  -2   0  -3   0   1  -2  -1  -2  -3   0   3  -1  -3   1   28   3   1   0   2   0   0   8   0   6  14   0   0   1   0   4  21   1   0   8  0.24 0.19
  253 F    -5  -5  -5  -6  -3  -5  -5  -5  -4  -2  -2  -5  -3   9  -6  -5  -4  -2   1  -2    0   0   0   0   1   0   0   0   0   2   1   0   0  88   0   1   1   0   2   2  2.24 0.63
  254 V    -2  -4  -2  -5  -2  -3  -4  -4  -4   3   0  -4   7  -1  -4  -2  -2  -4  -3   4    3   0   2   0   0   0   0   1   0  19   3   0  36   2   0   3   1   0   0  30  0.89 0.38
  255 T    -1  -3  -2  -3   3  -2  -3  -2  -3  -1   2  -3  -2  -2  -2   3   4  -4  -3   0    3   0   0   0   8   1   0   1   0   3  20   0   0   1   1  23  33   0   0   5  0.47 0.28
  256 L    -2  -4  -4  -4   1  -4  -4  -3  -4   2   3  -4   0   5  -3  -3  -1  -1  -1   3    1   0   0   0   3   0   0   1   0   9  26   0   1  26   1   1   2   0   0  26  0.57 0.26
  257 F    -5  -5  -6  -6  -5  -6  -6  -6  -4  -3  -2  -6  -1   9  -6  -5  -5  -2   3  -4    0   0   0   0   0   0   0   0   0   0   2   0   1  88   0   0   0   0   6   0  2.32 0.65
  258 A     2  -3  -2  -3   0  -2  -2  -1  -3  -3  -3  -2  -3   1  -3   4   3  -3   0  -2   22   0   0   0   2   0   0   3   0   0   1   1   0   8   0  33  25   0   2   1  0.54 0.31
  259 T     0  -3  -3  -4   0  -3  -4  -2  -3   2   2  -3   0   3  -4  -1   0  -3  -1   3    6   0   1   0   1   0   0   2   0  13  19   0   1  16   0   3   6   0   1  30  0.37 0.20
  260 V     3  -4  -4  -5  -2  -4  -4  -3  -5   0  -1  -4  -2  -3  -3  -3  -2  -5  -3   6   26   0   0   0   0   0   0   2   0   2   2   0   0   0   1   0   1   0   0  65  1.00 0.43
  261 I    -2  -5  -3  -5  -4  -5  -5  -6  -5   7   0  -5  -1  -1  -5  -3  -2  -5  -4   0    2   0   1   0   0   0   0   0   0  85   5   0   0   1   0   1   1   0   0   1  1.56 0.53
  262 A     6  -4  -3  -4   2  -3  -3  -2  -4  -4  -4  -2  -3  -3  -3   1  -1  -5  -3  -2   79   0   1   0   4   0   0   1   0   0   0   1   0   1   0   7   3   0   1   1  1.18 0.48
  263 I    -3  -4  -2  -5  -3  -3  -4  -5  -4   5   4  -4   0  -1  -4  -3  -3  -2  -3   1    1   0   3   0   0   1   0   0   0  42  42   0   1   2   0   1   0   0   0   6  0.85 0.34
  264 T    -2  -4  -4  -5  -1  -4  -4  -4  -4   1  -1  -4  -1   7  -5  -1   3  -2   0  -2    3   0   0   0   1   0   0   0   0   7   4   0   1  56   0   5  20   0   1   1  1.07 0.42
  265 K    -4   0  -3  -4  -6  -1  -2  -4  -4  -5  -4   8  -4  -6  -4  -3  -3  -6  -5  -4    0   1   0   0   0   1   0   0   0   0   1  94   0   0   0   0   0   0   0   1  1.95 0.65
  266 D    -5  -5  -2   8  -6  -3  -1  -4  -4  -6  -5  -4  -6  -6  -5  -3  -4  -7  -4  -6    0   0   0  97   0   0   0   0   0   0   1   0   0   0   0   0   0   0   1   0  2.41 0.71
  267 L    -3  -5  -5  -5  -3  -5  -5  -6  -5   6   3  -5   1  -2  -5  -4  -3  -4  -3   2    0   0   0   0   0   0   0   0   0  60  26   0   2   0   0   0   0   0   0  10  1.17 0.42
  268 P    -2  -5  -5  -4  -5  -4  -2  -4  -2  -4  -5  -4  -5  -6   8  -2   0  -6  -5  -4    2   0   0   0   0   0   3   1   1   1   0   0   0   0  82   3   6   0   0   1  2.28 0.64
  269 D    -5  -5  -2   8  -6  -3  -1  -4  -4  -6  -7  -2  -6  -7  -5  -3  -4  -7  -6  -6    0   0   0  97   0   0   0   0   0   0   0   1   0   0   0   0   0   0   0   0  2.44 0.71
  270 V    -3  -3  -5  -5  -3  -4  -4  -5  -3   5   1  -4   4  -2  -4  -4   0  -4  -3   4    0   1   0   0   0   0   0   0   0  33  10   0  13   0   0   0   4   0   0  37  0.85 0.35
  271 E    -2  -2  -1   3  -6   0   6  -4  -3  -5  -4  -1  -4  -3  -4  -2  -3  -5  -4  -2    2   1   1  18   0   2  65   0   0   0   1   3   0   1   0   0   0   0   0   4  1.19 0.47
  272 G    -3  -5  -3  -4  -5  -5  -5   7  -5  -7  -6  -4  -6  -6  -5  -2  -4  -5  -6  -6    0   0   0   0   0   0   0  98   0   0   0   0   0   0   0   1   0   0   0   0  2.26 0.64
  273 D    -5  -5  -2   8  -6  -3  -1  -4  -4  -6  -6  -4  -6  -2  -5  -3  -4  -7  -6  -6    0   0   0  96   0   0   0   0   0   0   0   0   0   2   0   0   0   0   0   0  2.40 0.71
  274 Q    -2   6  -3  -3  -5   1   0  -4  -3  -2  -1   4   2  -4  -4  -2  -2  -5  -3  -3    1  44   0   0   0   4   3   0   0   1   7  28   7   0   0   1   1   0   0   0  0.86 0.37
  275 A    -1   2  -2   0  -3   3   0  -4   0   2  -1   4  -1  -3  -3  -2  -2  -4  -2  -2    5  10   0   4   0  17   3   0   2  18   4  33   1   0   0   0   1   0   1   1  0.44 0.27
  276 N    -4  -5  -2  -6  -5  -4  -3  -4   3  -3  -3  -5  -3   7  -6  -5  -4  -1   7  -3    1   0   2   0   0   0   1   1   6   0   0   0   0  49   0   0   0   0  39   1  1.72 0.56
  277 N    -2  -2   5  -1  -5   3  -2   5   0  -6  -5   0  -4  -5  -4  -2  -3  -5  -4  -5    1   1  30   2   0  18   1  41   2   0   0   4   0   0   0   0   0   0   0   0  0.98 0.41
  278 I    -4  -6  -3  -6  -4  -4  -6  -7  -6   8  -1  -5   0  -3  -6  -5  -3  -6  -4   1    0   0   2   0   0   1   0   0   0  91   0   0   1   0   0   0   0   0   0   5  1.86 0.61
  279 S    -1   4   0  -2  -4   4   0  -3   0  -4  -4   1  -2  -4  -1   2   2  -3  -3  -3    3  24   3   1   0  22   5   0   1   0   0   4   0   0   2  21  11   0   0   1  0.52 0.29
  280 T    -2  -4  -3  -4  -4  -3  -2  -4  -4  -4  -4  -3  -4  -5  -4   4   7  -5  -5  -3    0   0   0   0   0   0   1   0   0   0   0   0   0   0   0  30  69   0   0   0  1.51 0.60
  281 F    -5  -5  -6  -6  -5  -6  -6  -6  -4  -1   3  -6  -1   8  -6  -5  -5   0   1  -3    0   0   0   0   0   0   0   0   0   2  24   0   0  71   0   0   0   1   1   0  1.79 0.56
  282 A     4  -3  -2  -3  -2  -3  -3  -3  -4  -4  -4  -3  -3  -5   0   4   4  -5  -4  -3   32   0   0   0   0   0   0   0   0   0   0   0   0   0   4  29  34   0   0   0  0.88 0.43
  283 T     1  -4  -4  -4  -3  -3  -4  -4  -4   2   1  -3  -1  -3  -4  -1   3  -4  -3   4   12   0   0   0   0   0   0   0   0  13  12   0   1   0   0   2  23   0   0  38  0.58 0.30
  284 R    -2   5  -1  -3  -3   2  -1  -4  -1   1  -1   3  -1  -4  -4  -1  -1  -4  -3  -1    1  36   1   0   0  10   1   0   1  11   5  24   1   0   0   4   2   0   0   3  0.61 0.31
  285 M    -3  -4  -5  -6  -4  -4  -5  -6  -2   0   5  -5   2   3  -5  -5  -3   0   0   0    1   0   0   0   0   0   0   0   1   4  72   0   3  12   0   0   0   1   3   3  1.04 0.41
  286 G    -3  -5  -3  -4  -5  -5  -5   7  -5  -7  -7  -4  -6  -6  -5  -3  -5  -5  -6  -6    0   0   0   0   0   0   0  99   0   0   0   0   0   0   0   0   0   0   0   0  2.32 0.66
  287 V     0  -1  -3  -3  -4   5  -1  -3  -1  -2  -2   2  -2  -4   3  -1  -1  -5  -4   2    6   2   0   0   0  34   0   1   1   0   2  14   0   0  15   3   3   0   0  20  0.59 0.34
  288 R    -2   4  -2  -2  -5   2   3  -2  -1  -5  -3   4  -2  -4  -2  -1  -2  -5  -4  -3    2  28   0   0   0   7  20   2   1   0   1  31   1   0   2   3   1   0   0   1  0.76 0.34
  289 N     1   4   4  -2  -4  -1  -2  -3  -2  -3  -4   3  -3  -2  -1  -1   0  -1  -2  -3   12  29  22   0   0   1   0   1   0   1   0  19   0   2   3   2   7   1   1   0  0.56 0.30
  290 V    -3  -5  -5  -6  -3  -5  -5  -6  -6   5  -1  -5   1  -2  -5  -4  -1  -5  -4   6    0   0   0   0   0   0   0   0   0  32   1   0   2   1   0   0   3   0   0  60  1.24 0.46
  291 A     2  -4  -4  -5  -4  -4  -4  -3  -3  -2  -2  -4  -2   7  -5  -1   1  -2   1   0   20   0   0   0   0   0   0   1   0   1   2   0   0  56   0   3   8   0   2   6  1.06 0.43
  292 L    -3  -1   3  -2  -4  -1  -3  -4  -2  -2   0   0  -2   4  -5  -2  -2   9   1  -4    1   4  16   1   0   2   0   0   1   2   8   5   1  18   0   2   3  32   3   0  1.05 0.39
  293 L    -2  -4  -4  -5  -3  -4  -4  -2  -4   3   4  -4   1   1  -4  -1  -1  -3  -2   1    3   0   0   0   0   0   0   3   0  20  54   0   1   6   0   5   4   0   0   5  0.64 0.30
  294 A     2  -4  -3  -4   8  -4  -4   4  -4  -4  -4  -4  -4  -3  -4   1  -1  -5  -4  -2   16   0   0   0  37   0   0  30   0   0   0   0   0   1   0  11   2   0   0   2  1.17 0.43
  295 I    -1   1  -2  -3   1  -2  -3  -3  -3   3   1  -2   0  -2  -3   2   2  -4  -3   2    3  10   0   0   3   0   0   0   0  22  12   0   2   0   0  19  12   0   0  15  0.29 0.21
  296 G     0  -3  -1  -2  -2  -2  -3   4  -3  -3  -2  -2  -2  -3  -4   2  -1   7   0  -2    6   0   3   1   1   1   0  38   0   1   3   1   1   0   0  20   3  15   3   2  0.71 0.31
  297 L    -3  -4  -5  -5  -1  -4  -5  -5  -5   4   4  -4   3  -1  -5  -4  -2  -4  -3   3    1   0   0   0   1   0   0   0   0  23  46   0   7   1   0   0   2   0   0  18  0.78 0.32
  298 L    -4  -5  -6  -6  -4  -5  -5  -6  -5   2   6  -5   1   0  -5  -5  -3  -4  -3  -1    0   0   0   0   0   0   0   0   0  12  81   0   2   3   0   0   0   0   0   0  1.29 0.46
  299 M    -1  -3  -3  -2  -3   0   2  -2  -3   0   3  -2   1  -1  -3   0   2  -4  -3  -1    3   0   0   0   0   3  20   2   0   2  39   0   3   2   0   5  16   0   0   3  0.35 0.25
  300 A     1  -3  -3  -4  -1  -3  -3  -3  -4   2   2  -3   4   0  -4  -1   0   0  -2   3   12   0   1   0   1   0   0   2   0  13  19   0  17   3   0   4   6   1   0  21  0.38 0.22
  301 N     4  -4   5  -3   7  -3  -3  -3  -2  -3  -3  -3  -4  -5  -4  -1  -1  -5  -3  -3   37   0  32   0  22   0   0   0   1   1   1   0   0   0   0   1   3   0   1   1  1.01 0.44
  302 Y    -4  -5  -5  -5  -2  -5  -5  -6  -2  -5  -4  -5  -4   1  -6  -5  -5  -1  10  -5    1   0   0   0   1   0   0   0   0   0   0   0   0   2   0   0   0   0  96   0  2.90 0.82
  303 L     1  -3  -3  -3  -1  -3  -3   2  -4   2   2  -3   0  -1  -3  -1   0  -4  -3   2   11   0   0   0   1   0   0  22   0  17  22   0   1   1   0   4   5   0   0  15  0.30 0.19
  304 G     2  -3  -3  -3  -2  -3  -3   4  -2  -1  -2  -3  -1  -1  -3   0  -2  -4  -3   2   21   1   0   0   0   0   0  41   1   2   2   0   1   3   0   8   1   0   0  18  0.56 0.28
  305 A     5  -4  -4  -4  -3  -3  -3  -1  -4   0  -1  -3   5  -3  -3   1  -1  -4  -4  -1   58   0   0   0   0   0   0   3   0   5   2   0  17   1   0   8   3   0   0   2  0.80 0.41
  306 I    -1  -5  -5  -5  -2  -4  -5  -4  -5   6   1  -4   2  -1  -4  -3  -1  -4  -3   3    5   0   0   0   0   0   0   1   0  55   8   0   5   1   0   1   3   0   0  21  0.92 0.37
  307 A     2  -4  -4  -4  -2  -3  -4  -1  -4   1   3  -3   1   0  -4  -2  -1  -1  -2   3   19   0   0   0   0   0   0   5   0   7  38   0   2   4   0   2   2   1   0  21  0.40 0.24
  308 L     3  -4  -4  -4  -3  -3  -3  -2  -4   2   0  -3   1  -1  -3  -2   0  -2  -3   4   33   0   0   0   0   1   1   2   0   8   7   0   4   2   0   1   4   1   0  36  0.50 0.29
  309 A     4  -4  -3  -4  -4  -4  -3   6  -4  -5  -4  -3  -4  -5  -3   0  -2  -5  -5  -3   34   0   0   0   0   0   0  56   0   0   1   0   0   0   1   4   2   0   0   1  1.18 0.44
  310 L     3  -4  -4  -4  -2  -3  -3  -3  -4   4   1  -3   0   2  -2  -1  -1   0  -2   2   28   0   0   0   0   0   0   1   0  27  14   0   1   9   1   4   1   1   0  13  0.40 0.24
  311 T     0  -2  -2  -3  -2  -2  -3  -3  -2  -1   1  -2   0   2  -1   1   2   2   4  -1    9   1   0   0   1   1   0   1   0   2  14   1   2  11   2  14  16   3  19   3  0.30 0.21
  312 Y     0   0   0  -3  -1  -2  -3  -1  -1  -2   0  -2   5   0  -2   4  -1   5  -2  -2    5   4   4   0   1   1   0   3   1   1   7   1  22   3   1  34   1   8   0   1  0.48 0.32
  313 S    -1  -3  -3  -3  -2  -2  -2  -3  -4  -1   1  -3  -2  -3   6   3   0  -5  -4  -2    3   0   1   1   1   2   1   1   0   3  16   0   0   1  42  23   4   0   0   1  0.86 0.36
  314 T     0  -1   0  -1   3   3   0  -1   0  -2  -2   0  -1   2   1   1   0  -3   0  -2    6   2   5   3   7  23   3   4   2   1   3   3   1  10   8  10   5   0   4   2  0.20 0.17
  315 A     3  -3  -1  -1  -2  -1  -1   1  -2  -1   2  -2   0  -2   1   0   0   0  -3   0   30   0   3   2   0   1   3  10   1   3  22   1   1   0   8   6   4   2   0   4  0.19 0.17
  316 F    -2  -5  -5  -6  -3  -5  -5  -4  -4   1   1  -5  -1   6  -2  -4  -3   8   0   2    2   0   0   0   0   0   0   1   0   8  10   0   0  36   2   1   1  23   1  14  1.12 0.40
  317 N    -2   3   5  -2  -1   0  -2  -2  -1  -3  -4   2  -4  -4  -3   3  -2  -5  -4  -3    0  16  32   0   1   3   1   2   1   1   0  13   0   0   1  28   0   0   0   1  0.70 0.36
  318 V    -1   3  -2  -3  -1   1  -1  -1  -1  -3  -2   4  -1  -3   2   1  -1  -1  -3  -2    5  18   0   0   1   4   0   5   1   1   3  31   2   0  11  10   3   1   0   2  0.40 0.24
  319 P    -1  -2   0  -3  -1  -2  -2  -1   0   2   1  -2   0   1   1   0   0   4   3   0    3   1   5   0   1   0   1   4   2  14  15   1   2   3   7   9   4   7  13   7  0.18 0.14
  320 L    -1  -4  -4  -5  -3  -4  -4  -4  -4   3   3  -4  -1   4  -3  -2  -2  -1   0   3    4   0   0   0   0   0   0   0   0  19  25   0   0  23   1   2   2   1   1  20  0.57 0.27
  321 M    -2  -4  -4  -5  -3  -2  -4  -5  -4   0   2  -4   7   0  -4  -1   4  -4  -3   0    2   0   0   0   0   1   0   0   0   3  23   0  33   3   0   2  29   0   0   5  0.86 0.42
  322 A     0  -4  -4  -5  -3  -4  -4   0  -5   4   1  -4   0  -1  -4  -3  -2  -4  -3   4    6   0   0   0   0   0   0   7   0  27  14   0   1   1   0   1   1   0   0  41  0.66 0.31
  323 G    -1  -4  -3  -4  -3  -3  -3   0  -4   2   2  -3   0   0   4   0  -1  -4  -3   1    4   0   0   0   0   0   0  10   0  14  24   0   1   4  23   7   3   0   0  10  0.41 0.22
  324 A     2  -3  -2  -3  -1  -3  -3   4  -4  -2  -3  -3  -3  -1  -3   2   2  -4  -3  -1   23   0   0   0   1   0   0  38   0   2   1   0   0   2   0  14  15   0   1   3  0.62 0.31
  325 H    -5  -4  -3  -5  -7  -2  -4  -6  11  -7  -6  -4  -5  -5  -6  -5  -5  -6  -2  -7    0   0   0   0   0   1   0   0  98   0   0   0   0   0   0   0   0   0   0   0  3.48 0.93
  326 A     3  -3  -3  -3   3  -3  -3   0  -3   0   1  -3   0  -1  -2   1   1  -4  -3   1   27   0   0   0   6   0   0   7   0   6  19   0   1   2   0  14  10   0   0   8  0.26 0.20
  327 I     1  -4  -4  -4   1  -3  -4  -1  -2   4   2  -3   0  -1  -4  -2   0  -4  -3   2   13   0   0   0   3   0   0   5   1  36  15   0   2   1   0   2   7   0   0  15  0.43 0.24
  328 L    -1  -4  -5  -5  -3  -4  -5  -4  -5   0   5  -4   2   2  -2  -4  -3  -4  -3   0    7   0   0   0   0   0   0   1   0   2  71   0   4   9   2   0   1   0   0   3  0.94 0.40
  329 A     5  -4  -4  -4  -3  -3  -4   1  -4  -1   2  -3  -1  -3  -3  -1  -2  -2  -4  -1   59   0   0   0   0   0   0  10   0   2  24   0   1   0   0   1   1   1   0   1  0.77 0.40
  330 A     1  -3  -3  -3   1  -3  -3   1  -3   0   2  -3   0   0  -3   2   0  -2  -3   0   16   0   0   0   3   0   0  10   0   6  29   0   1   3   0  23   5   1   0   5  0.26 0.21
  331 T    -1  -3  -3  -4   2  -3  -4  -1  -4   3   2  -3   0   0  -4   0  -1   6  -1   2    4   0   1   0   5   1   0   4   0  18  24   0   1   4   0   9   3  12   1  13  0.40 0.22
  332 L    -4  -5  -6  -6  -2  -4  -5  -6  -5  -1   6  -5   4   1  -5  -5  -3  -1  -3  -1    0   0   0   0   0   0   0   0   0   0  82   0   9   4   0   0   1   1   0   2  1.34 0.50
  333 A    -4  -5  -6  -7  -3  -5  -6  -4  -5   3   2  -6  -3   0  -6  -5  -3  11  -1   0    1   0   0   0   0   0   0   1   0  16  18   0   0   3   0   0   1  53   0   5  2.07 0.62
  334 L    -2  -1   0  -4  -4  -1  -3  -3  -2   0   1  -2   0   5  -4  -2  -1   8   3  -2    2   4   5   0   0   3   0   2   0   5  13   1   1  24   0   2   3  20  11   2  0.72 0.30
  335 R    -3   6  -2  -3  -3   5   0  -3   0  -4  -3   1  -2  -3  -4  -2  -3  -2  -1  -5    1  48   1   0   1  29   4   1   2   0   2   5   1   1   0   1   0   1   2   0  1.05 0.45
  336 T     4  -2  -2  -3  -3  -2  -3  -1  -3  -3  -3  -3  -2  -3  -3   3   2  -2  -2  -1   45   2   0   0   0   1   0   2   0   0   1   0   0   1   0  28  14   0   1   4  0.69 0.38
  337 L    -3   4  -1  -3  -3   2  -2  -4  -3  -2  -1   4  -2  -2  -4  -2  -2   7  -1  -3    1  29   2   0   1  11   0   1   0   2   5  26   1   2   0   2   1  14   1   2  0.76 0.36
  338 K     0   1   0  -1  -2   1   0  -1  -1  -2  -1   2  -1  -3  -3   3   0  -3  -1   0    5   9   3   1   1   7   3   5   1   2   4  16   1   0   0  28   3   0   1   9  0.21 0.18
  339 L    -2  -4  -5  -5  -2  -4  -5  -5  -5   2   4  -4   1  -1  -5  -4  -1  -4  -3   5    1   0   0   0   1   0   0   0   0   6  38   0   2   1   0   0   3   0   0  49  0.92 0.39
  340 H    -3  -2   2   7  -6  -1   3  -4  -1  -5  -6  -2  -4  -4  -4  -2  -3  -6  -5  -5    1   1   9  64   0   2  18   0   1   0   0   1   0   1   0   0   0   0   0   0  1.42 0.51
  341 A    -1   0  -3  -4  -3   2  -3  -4  -3   0   4   1   0   0  -1  -2  -2  -3  -2   0    3   5   1   0   0  10   0   1   0   3  52  12   1   3   2   1   0   0   1   4  0.43 0.27
  342 A     3  -1  -1   0  -3   2   2  -1  -2  -3  -3   2  -2  -4  -2   1   1  -4  -3  -3   30   0   2   5   0  10  14   2   0   0   1  13   0   0   1  12   7   0   0   0  0.37 0.23
  343 S    -1   0   4   0  -2   0   0   0   0  -2  -2   1  -1  -1   0   0   0  -2  -1  -1    5   4  30   3   1   2   4   7   2   3   5  11   1   2   4   7   4   1   2   3  0.23 0.09
  344 Y    -1   0   0  -1  -1   0  -1  -1   1   0  -1  -1   0   1   0  -1  -1   1   5  -1    4   4   5   3   1   4   4   5   3   5   5   3   2   5   4   5   4   1  29   4  0.22 0.07
  345 S     0  -2   0   3  -2   0   0  -2  -2  -3  -3  -1  -3  -3  -2   4   3  -4  -3  -1    5   1   2  18   1   4   5   1   0   1   1   1   0   0   1  33  20   0   0   4  0.47 0.26
  346 R    -2   1   1  -2  -5   2  -1  -4  -3  -5  -4   7  -1  -5  -1  -2  -3  -5  -4  -4    2   6   6   2   0   7   1   0   0   0   1  68   1   0   3   1   0   0   0   1  1.15 0.47
  347 E     3  -1  -1   0  -3   1   3  -2  -2  -2  -3   0  -2  -4  -1   1   0  -4  -3  -1   27   2   2   5   0   5  28   2   0   2   2   3   0   0   2  10   6   0   0   4  0.35 0.23
  348 A     5  -3  -3  -2  -1  -2   1  -1  -4  -4  -4  -2  -3  -5  -3   3  -2  -2  -4  -3   59   0   0   2   1   1   8   3   0   0   0   0   0   0   0  24   1   1   0   0  0.88 0.44
  349 V    -2  -5  -5  -5   0  -5  -5  -5  -5   7   0  -5   0  -2  -5   0  -1  -5  -1   2    1   0   0   0   2   0   0   0   0  65   5   0   1   1   0  10   3   0   2  10  1.06 0.45
  350 A     3  -1  -2  -2  -2   0  -2  -2  -3  -2  -2   1  -2  -3  -1   1   4  -4  -2  -2   32   2   0   1   0   4   1   0   0   1   2   7   1   1   2  11  31   0   1   1  0.49 0.31
  351 S     0   1   1   1  -2   2  -1   1  -2  -4  -3   0  -3  -4  -3   4   0  -5  -4  -4    6   7   8   6   1  11   2   9   1   0   2   5   0   0   0  40   3   0   0   0  0.46 0.29
  352 F    -4  -6  -6  -6   1  -6  -6  -6  -4  -3  -2  -6  -2   9  -6  -5  -5   0   4  -3    1   0   0   0   3   0   0   0   0   0   1   0   1  80   0   0   0   1  12   1  2.20 0.67
  353 Y    -5  -5  -6  -6  -6  -5  -6  -6  -2  -5  -5  -5  -4   1  -6  -5  -5  -1  10  -5    0   0   0   0   0   0   0   0   0   0   0   0   0   3   0   0   0   0  96   0  3.02 0.88
  354 R    -3   3  -3  -4  -5   6  -2  -4  -1  -3  -2   0   7  -4  -4  -3  -3  -5  -4  -3    2  17   0   0   0  38   1   1   1   1   2   3  34   0   0   0   0   0   0   1  1.25 0.55
  355 W    -4  -5  -2  -5  -5  -4  -6  -5  -2  -3   0  -4  -3   9  -6  -3  -5   1   0  -4    1   0   2   1   0   1   0   0   1   0   7   1   0  83   0   2   0   1   0   0  2.01 0.65
  356 I    -4  -6  -6  -6  -4  -5  -6  -6  -6   8   1  -5  -1  -2  -4  -5  -3  -5  -4   1    0   0   0   0   0   0   0   0   0  84  11   0   0   1   1   0   1   0   0   3  1.69 0.58
  357 W    -7  -7  -8  -8  -4  -5  -7  -7  -6  -7  -6  -7  -6  -3  -8  -7  -7  13  -2  -7    0   0   0   0   0   0   0   0   0   0   0   0   0   0   0   0   0  98   0   0  4.76 1.12
  358 N    -3   0   4  -1  -6   0  -2  -4  -3  -4  -4   7  -4  -3  -4  -2  -3  -5  -2  -4    1   3  18   2   0   2   0   0   0   1   1  69   0   1   0   1   0   0   1   1  1.27 0.53
  359 L    -4  -5  -5  -7  -4  -5  -6  -7  -6  -1   6  -5   0  -1  -6  -5  -4  -5  -4  -1    0   0   0   0   0   0   0   0   0   1  96   0   0   1   0   0   0   0   0   1  1.69 0.60
  360 F    -5  -4  -6  -7  -5  -6  -6  -6  -3  -2   1  -6  -1   9  -7  -5  -5  -2   1  -3    0   1   0   0   0   0   0   0   1   1  10   0   1  84   0   0   0   0   1   1  2.17 0.66
  361 Y    -4  -5  -2  -6  -3  -5  -5  -5  -2  -2  -3  -5  -2   5  -6  -2  -2   1   8  -4    1   0   2   0   0   0   0   0   0   2   1   0   1  25   0   3   2   1  62   0  1.83 0.61
  362 A     4  -4  -4  -4  -2  -3  -4  -2  -4   0   3  -3   0  -2  -4  -1  -1  -1  -3   1   48   0   0   0   0   0   0   1   0   4  30   0   1   1   0   3   2   1   0   9  0.62 0.34
  363 E    -3  -3  -3  -1  -7   0   8  -5  -3  -7  -6  -2  -5  -7  -4  -3  -4  -6  -5  -6    1   0   0   0   0   2  96   0   0   0   0   0   0   0   0   0   0   0   0   0  2.18 0.74
  364 Y    -5  -5  -6  -7  -6  -5  -6  -7  -2  -5  -4  -6  -4   2  -7  -5  -5  -1  10  -5    0   0   0   0   0   0   0   0   0   0   1   0   0   7   0   0   0   0  92   0  2.90 0.84
  365 A     0  -4  -5  -6  -1  -4  -5  -5  -5   3   5  -5   0   3  -5  -4  -3  -3  -2   0    7   0   0   0   1   0   0   0   0  15  58   0   0  14   0   0   0   0   0   5  0.84 0.36
  366 L    -3  -5  -6  -6  -3  -5  -5  -6  -5   4   5  -5   2   0  -5  -4  -3  -4  -3   1    1   0   0   0   0   0   0   0   0  25  63   0   3   2   0   1   0   0   0   6  1.07 0.41
  367 L    -4  -5  -6  -6  -4  -5  -6  -6  -4   4   0  -5  -1   7  -6  -5  -4  -2   3   0    0   0   0   0   0   0   0   0   0  31   7   0   1  48   0   0   0   0   9   4  1.30 0.46
  368 P    -4  -6  -5  -5  -6  -5  -5  -6   0  -6  -4  -4  -6  -7   9  -4  -3  -7  -6  -6    0   0   0   0   0   0   0   0   2   0   2   0   0   0  94   0   1   0   0   0  2.93 0.80
  369 F    -4  -5  -6  -6  -4  -5  -6  -6  -4  -1   4  -5  -1   7  -6  -5  -4   1   0  -2    0   0   0   0   0   0   0   0   0   0  41   0   0  56   0   0   0   2   0   1  1.47 0.50
  370 L    -3  -5  -5  -5  -3  -4  -5  -5  -5   5   1  -4   3  -2  -5  -4  -2  -4  -3   5    0   0   0   0   0   0   0   0   0  45   8   0   7   0   0   0   0   0   0  40  0.99 0.35

                      K         Lambda
Standard Ungapped    0.1383     0.3250
Standard Gapped      0.0494     0.2670
PSI Ungapped         0.1614     0.3175
PSI Gapped           0.0494     0.2670
