
Last position-specific scoring matrix computed, weighted observed percentages rounded down, information per position, and relative weight of gapless real matches to pseudocounts
            A   R   N   D   C   Q   E   G   H   I   L   K   M   F   P   S   T   W   Y   V   A   R   N   D   C   Q   E   G   H   I   L   K   M   F   P   S   T   W   Y   V
    1 M    -2  -2  -3  -4  -2  -1  -3  -3  -2   1   2  -2   8   0  -3  -2  -1  -2  -2   0    0   0   0   0   0   0   0   0   0   0   2   0  98   0   0   0   0   0   0   0  0.79 0.09
    2 A     5  -2  -2  -2  -1  -1  -1   0  -2  -2  -2  -1  -1  -3  -1   1   0  -3  -2  -1   98   0   0   0   0   0   0   0   0   0   0   0   0   0   0   2   0   0   0   0  0.60 0.07
    3 I     0  -3  -2  -3   1  -2  -2  -3  -3   3   1  -2   1   0  -2   0   0  -3  -1   2    6   0   0   0   4   0   0   0   0  48   7   0   3   1   0  13   5   0   1  12  0.21 0.03
    4 S     1  -2  -1  -1   1  -1  -1   0  -2   0  -1  -1   0  -2   1   3   1  -3  -2   0   11   0   0   0   4   0   0   5   0  10   3   0   3   0   5  52   5   0   0   1  0.24 0.04
    5 A     2  -2  -1  -1  -1  -1  -1   0  -1  -1  -1  -1  -1  -2  -1   2   2   0  -2   0   33   0   0   0   0   0   0   3   1   3   1   0   1   0   0  26  24   1   0   4  0.25 0.03
    6 P     2  -2  -1  -2   1  -1  -1   0  -2  -1  -1  -1  -1  -3   4   1   1  -3  -2  -1   37   0   0   0   3   0   0   4   0   1   3   0   0   0  21  15  13   0   0   3  0.37 0.03
    7 A     3  -1  -1  -2  -1  -1  -1  -1  -1  -1  -1  -1   0  -2   0   2   1  -3  -2   0   51   1   0   0   0   0   0   0   1   3   0   0   2   0   4  19  10   0   0   8  0.27 0.04
    8 A     3  -2  -1  -2  -1  -1  -1   0  -1  -1  -1  -1  -1  -2   2   1   2  -3  -2   0   47   0   0   0   0   0   0   4   1   2   6   0   0   0   8  12  16   0   0   3  0.26 0.03
    9 C     2  -2  -1  -2   3  -1  -1   0  -2  -1  -2  -1  -1  -3   1   2   2  -3  -2   0   29   0   0   0   9   0   0   6   0   0   0   1   0   0   5  21  23   0   0   5  0.26 0.03
   10 S     2  -1   0  -1  -1  -1  -1  -1  -2  -1  -1  -1  -1  -1   2   3   2  -3  -2   0   17   1   1   0   0   0   0   0   0   1   6   0   1   2   8  44  13   0   0   5  0.25 0.03
   11 S     2  -1   0  -1  -1   0  -1  -1  -1  -1  -1   0  -1  -2  -1   3   2  -3  -2  -1   25   2   2   0   0   2   0   0   0   2   3   4   0   0   1  40  15   0   0   3  0.25 0.03
   12 S     1  -1   1  -1  -1  -1  -1   0  -1  -2  -2   0  -1  -1  -1   3   2  -2   0  -1   14   0   5   0   0   0   0   2   0   0   1   6   2   1   1  51  12   0   5   0  0.28 0.04
   13 S     1  -1   0  -1  -1   0  -1  -1  -1  -1  -1   1  -1  -2   0   3   2  -3  -2  -1   17   1   1   0   0   1   0   2   1   3   7   9   0   1   3  41  14   0   0   0  0.21 0.03
   14 R     0   2   0  -1  -1   0   0  -2   0  -1   0   3  -1  -1  -1   1   1  -3  -1  -1   10   9   2   0   1   0   2   0   2   3   9  38   0   2   2   9   9   0   2   1  0.15 0.03
   15 I    -1  -1  -1  -3  -2  -2  -2  -3  -2   1   3  -1   1   1   1   0   0  -2   0   0    2   2   3   0   0   0   0   0   1   6  54   2   1   4   8   8   5   0   2   3  0.20 0.03
   16 L     0   0  -2  -2  -2  -1  -2  -1   0   1   1  -1   1   1   0  -1   1  -2   0   1    7   9   0   0   0   1   0   3   4   6  25   3   1  10   5   2  12   0   2  10  0.05 0.01
   17 C     0  -2  -1  -2   2  -1  -2  -2   2   0   0  -2  -1   2   2   0   0   0   3  -1    7   0   2   0   7   4   0   2   6   6   9   0   0  14  10   6   4   0  22   0  0.17 0.02
   18 S     0  -2   0  -1  -1  -1  -1  -1   0  -2  -2  -1  -2  -2   5   1   1  -3  -2  -1    7   0   2   0   1   1   2   1   3   1   4   0   0   2  43  20  10   0   0   2  0.66 0.04
   19 Y    -1  -1  -1  -1  -1   0  -1  -2   4  -1  -1  -1  -1   1   3   0  -1  -1   4  -2    0   1   0   2   1   4   0   0  23   2   8   0   0   5  16  12   2   0  21   0  0.31 0.03
   20 S     2  -1   0  -1  -1   0  -1   0   1  -1  -1  -1  -1  -1   1   2   1  -3  -1  -1   35   0   4   0   0   3   0   2   5   2   3   1   0   3   7  26   5   0   2   3  0.20 0.03
   21 S     1  -1   1  -1  -1   0   0  -1   1  -2  -2   0  -2  -2   2   3   1  -3  -1  -2    9   0   5   0   1   5   0   0   4   0   2   2   0   0  11  53   4   0   2   0  0.33 0.04
   22 P     1  -1  -1  -1  -1   0  -1  -1  -2  -2  -2  -1  -2  -2   6   1   0  -3  -2  -2   11   1   0   0   1   5   0   3   0   3   2   0   0   1  48  18   6   0   0   0  0.78 0.04
   23 S     1   0   0  -1  -1   0  -1  -1  -1  -2  -2   0  -1  -2   1   3   2  -3  -1  -1    7   3   2   0   0   1   0   0   0   0   2   7   0   1   4  56  13   0   1   1  0.31 0.04
   24 P     0  -1   0  -1  -2  -1  -1  -2  -1  -1  -1  -1  -1  -1   5   1   1  -3  -2  -1    2   1   7   0   0   1   0   1   2   5   6   1   1   4  41  14  11   0   0   2  0.58 0.03
   25 S     1  -1   0  -1  -1   0  -1  -1  -1  -2  -1  -1  -1  -2   3   3   2  -1  -2  -1    8   0   2   0   0   1   0   2   0   0   5   1   0   0  14  46  13   1   0   2  0.31 0.03
   26 L     0   0   0  -1  -1   0  -1  -1   1   0   0   0   0  -1   1   2   1  -2  -1   0    5   3   4   0   1   1   1   1   6   7  13   3   0   2   7  32  10   0   0   5  0.11 0.02
   27 C     0   0   1  -1   1   0  -1  -1  -1  -1   0   0  -1  -1   1   2   2  -2  -1  -1    4   8   6   0   4   1   0   1   1   0  10   4   0   2   6  28  21   0   0   2  0.15 0.02
   28 P     0  -1   0  -1  -2  -1  -1  -1  -1  -1  -1  -1  -1   1   5   1   0  -2   0  -1    5   2   3   0   0   0   0   3   2   2   4   2   0  12  35  16   6   0   2   4  0.44 0.02
   29 A     1   0   0  -1   1  -1  -1  -1   0  -1  -1   0  -1   0   1   2   2  -2  -1  -1   13   4   4   0   3   0   0   1   2   0   7   6   0   5   5  26  16   0   1   2  0.12 0.01
   30 I     0   0  -1  -2  -1  -1  -1  -2  -1   1   1   0   0   2   2   1   0   0   0   0    5   7   0   0   1   1   0   0   2  11  14   5   1  13   9  18   6   2   0   4  0.07 0.01
   31 S     1   0   0  -1   0  -1  -1  -1  -1  -1   0   0  -1  -1   1   2   2  -3  -1   0   13   6   2   0   1   0   0   0   1   1  11   5   0   3   7  28  18   0   0   3  0.15 0.02
   32 T     0   0   0  -1   0   0  -1  -2  -1  -1   0   1  -1   0   2   1   1  -2  -1  -1    8   4   2   0   2   1   0   0   1   4   9  18   0   8  13  12  14   0   0   1  0.14 0.01
   33 S     1   1   0  -1  -1  -1  -1  -1   1  -1  -1   0  -1  -1   3   2   1  -3  -1  -1    8   8   2   0   1   0   0   0   4   4   5   6   0   2  16  30  11   0   1   2  0.23 0.02
   34 G     0   0   0  -1  -1   0  -1   0   1  -1  -1   1  -1  -2   3   1   2  -3  -1  -1    5   6   5   0   1   0   0   6   6   1   9   9   0   1  14  18  19   0   0   0  0.18 0.02
   35 K     0   1   1  -1  -1   0   0  -1  -1  -1  -1   3  -1  -2   0   1   1  -3  -2  -1    5   8   6   0   1   1   0   3   0   2   8  33   0   0   4  11  14   0   1   1  0.16 0.02
   36 L     0  -1  -1  -2  -2  -1  -1  -2  -1   0   1   0   0   0   4   1   0  -1  -1  -1    2   1   2   0   0   0   0   0   2   3  25   5   0   5  23  23   6   1   0   1  0.25 0.02
   37 K     0   0   1  -1  -2   0  -1   0  -1  -1  -1   1  -1  -1   0   2   2   0  -1  -1    4   1   5   0   0   1   0   3   1   2   5  16   0   2   4  28  25   1   0   0  0.17 0.02
   38 T     0   0  -1  -1  -2   0  -1  -1  -1  -1   0   1   0  -1   3   2   1  -2  -1  -1    5   1   1   0   0   2   0   1   2   2  16  12   0   4  14  23  15   0   0   1  0.16 0.01
   39 L     0  -1  -1  -2  -1  -1  -1  -2  -2   0   1   0   0   0   1   1   2  -1  -1   0    6   0   0   0   0   0   0   1   0   4  23   7   0   3   6  15  29   1   0   3  0.13 0.02
   40 T     0   0   0  -1  -2   0  -1  -1   4   0  -1   0  -1   0   0   1   1  -2   0  -1    2   6   5   0   0   1   0   4  25   8   7   2   0   4   5  16  11   0   1   3  0.13 0.02
   41 L    -1  -2  -3  -3   1  -2  -3  -2  -3   1   3  -2   1   2  -1  -1  -1  -2  -1   0    2   0   0   0   4   0   0   3   0   1  66   1   0   9   3   9   1   0   0   1  0.25 0.03
   42 S     1  -1   0  -1  -1   0  -1  -1  -1  -2  -1  -1  -1  -1   0   4   1  -3  -2  -1    3   1   1   0   1   2   0   2   0   1   6   0   0   4   2  68   8   0   0   1  0.32 0.04
   43 S     1  -1   0  -1  -1   0   0   0   0  -3  -3   0  -2  -2  -1   4   1  -3  -2  -2    8   0   2   0   0   4   0   2   2   0   1   3   0   1   1  74   4   0   0   0  0.42 0.05
   44 S     1  -1   1  -1  -1   0   0  -1  -1  -2  -2   0  -2  -2   1   4   1  -3  -1  -2    2   1   3   0   0   3   2   0   0   0   4   1   0   2   5  74   3   0   1   0  0.39 0.05
   45 F     0  -2  -2  -3  -2  -2  -3  -2  -1   0   0  -2   0   6  -1   0  -1   0   2  -1    7   1   1   0   0   0   0   1   1   4   3   0   0  65   4  10   2   1   0   1  0.42 0.04
   46 L     0  -1  -2  -2  -1  -1  -1  -2  -2   1   2  -1   1   1  -2   0   1  -1  -1   1    7   2   0   0   0   1   3   1   1  13  38   1   0   5   1   7  18   1   0   2  0.11 0.01
   47 P     0   0   2   0  -2   0  -1  -1   2  -1  -2   0  -1  -1   4   1   0  -3  -1  -2    4   6  20   1   0   2   1   3   9   5   3   1   0   4  24  13   6   0   0   0  0.32 0.02
   48 S     1  -1   0  -1  -2   0  -1  -1  -2  -2  -1   0  -1  -3   5   2   1  -3  -2  -2   11   3   4   1   0   2   0   0   0   0   7   3   0   0  37  23  11   0   0   0  0.56 0.03
   49 Y     0   0   0  -1  -1   0  -1  -1  -1  -1   0  -1  -1   2   0   2   1  -2   0   0    4   5   3   0   1   3   2   1   1   2   9   0   0  15   4  34   8   0   3   5  0.10 0.01
   50 S     1  -1   0  -1   1  -1  -1  -1  -1   0   0  -1  -1   0  -1   2   3  -2  -1   0    9   1   2   1   5   0   3   0   1   6   8   0   0   4   2  24  32   0   0   3  0.16 0.02
   51 L     0  -1  -2  -2  -1  -1  -2  -2  -2   2   1  -1   1   1   0   0   1   0   0   1    7   5   0   1   0   4   0   2   0  20  18   1   2   6   3   4  18   2   1   7  0.07 0.01
   52 T     0   1   0  -1  -2   0  -1  -1   1  -1   0   0   0  -2   0   1   2  -3  -1   0    6   9   1   1   0   4   0   4   6   0  18   2   0   0   4  20  22   0   0   3  0.10 0.01
   53 T     0   0   0  -1  -2   0   0  -1   2  -1  -1  -1  -1   0   3   1   2  -3  -1  -1    7   6   1   0   0   1   4   3  10   1   3   0   0   5  19  15  23   0   0   2  0.24 0.02
   54 T     1  -1  -1  -2   0  -1  -1  -1  -2   0   1  -1   0  -1   2   1   2  -3  -2   0   17   4   0   0   1   1   0   1   0   4  18   1   0   2   9  18  24   0   0   2  0.16 0.02
   55 S     1  -1   0  -1  -1  -1   0  -1  -1  -2  -2  -1  -1  -3   3   2   2  -3  -2  -1   16   2   1   1   0   0   2   2   1   0   1   1   0   0  16  28  24   0   0   4  0.31 0.02
   56 A     1  -1  -1  -1  -1  -1   0   0  -1  -2  -2  -1  -1  -2   4   2   2  -3  -1  -1   12   0   0   0   1   1   2   6   2   2   2   1   0   0  25  26  19   0   2   0  0.39 0.01
   57 S     1  -1   0  -1  -1  -1  -1   0  -2  -1  -1  -1  -1  -2   4   2   2  -3  -2  -1   13   1   5   0   0   1   1   5   0   2   4   0   0   1  21  22  23   0   1   2  0.32 0.01
   58 Q     1   1   0  -1  -2   1  -1  -1   1  -1  -1   0  -1  -2   1   1   2   2  -1  -1   15   9   1   0   0   6   0   3   5   1   4   2   0   1   7  15  25   3   0   4  0.15 0.01
   59 S     1   2   0  -1  -1   0  -1   0   1  -1  -1   0  -1  -2   0   1   2  -3  -1  -1   12  24   1   0   1   3   0   6   5   5   3   1   0   1   4  12  20   0   0   2  0.14 0.01
   60 T     0   4   0  -1   0   0  -1  -1   1  -2  -1   1  -1  -2   0   0   1  -3  -1  -1    3  42   1   0   2   2   0   2   5   0   7   4   0   0   4   7  20   0   0   0  0.24 0.01
   61 R    -1   4   0  -1  -3   1   0   0   2  -3  -2   2  -1  -3   2   0  -1  -3  -1  -2    4  50   1   0   0   3   0   6   8   0   4   7   0   0  11   5   0   0   0   0  0.36 0.02
   62 R    -1   5  -1  -2  -3   1   0   1   0  -3  -2   2  -2  -2  -1   0  -1  -3  -2  -2    0  69   0   0   0   1   0  12   2   0   2   3   0   1   1   5   2   0   0   0  0.48 0.02
   63 S     1   1   0  -1  -1   0  -1   0  -1  -1  -1   0  -1  -2   1   2   1  -3  -2  -1   12  13   4   0   1   1   0   4   1   1   7   0   0   2   5  41   6   0   0   2  0.18 0.01
   64 F    -1  -3  -3  -3  -2  -3  -3  -3  -1   1   2  -3   1   5  -3  -2  -2   0   2   0    3   0   0   0   0   0   0   0   2   1  37   0   0  54   0   0   1   0   0   1  0.42 0.02
   65 T     0  -1  -1  -1  -1  -1  -1  -2  -2   0  -1  -1   0  -2  -1   1   4  -3  -2   1    1   0   0   0   0   0   3   0   0   2   1   0   0   0   0   4  69   0   0  18  0.33 0.02
   66 V     0  -2  -3  -3  -1  -2  -2  -3  -3   3   1  -2   1  -1  -2  -2   0  -3  -1   4    0   0   0   0   0   0   0   0   0  10   0   3   0   0   0   0   0   0   0  85  0.35 0.02
   67 R    -1   6   0  -2  -3   1   0  -2   0  -3  -2   3  -2  -3  -2  -1  -1  -3  -2  -3    0  81   2   0   0   0   0   0   1   0   0  13   0   0   0   0   0   0   0   0  0.70 0.03
   68 A     2  -2  -3  -4  -2  -2  -3  -3  -3   0   0  -2   8  -1  -3  -2  -2  -3  -2  -1   24   0   0   0   0   0   0   0   0   0   0   0  74   0   1   0   0   0   0   0  0.91 0.18
   69 A     6  -2  -2  -3  -1  -2  -2  -1  -3  -2  -2  -2  -2  -3  -2   1  -1  -3  -3  -1   96   0   0   0   0   0   0   0   0   0   0   0   0   0   0   2   0   0   0   0  0.86 0.16
   70 R    -2   7  -1  -3  -4   0  -1  -3  -1  -4  -3   1  -2  -4  -3  -2  -2  -4  -3  -4    0  96   0   0   0   1   0   0   0   0   0   2   0   0   0   0   0   0   0   0  1.36 0.18
   71 G     2  -1  -1   0  -3   1   3   3  -1  -3  -3  -1  -2  -3  -2   0  -1  -3  -3  -2   27   0   0   1   0   3  38  25   0   0   0   1   0   0   0   2   2   0   0   0  0.44 0.09
   72 K    -2   1  -1  -2  -4   0   0  -3  -2  -3  -4   6  -2  -4  -2  -1  -1  -4  -3  -3    0   0   0   0   0   0   0   0   0   0   0  98   0   0   0   0   1   0   0   1  1.12 0.19
   73 F    -3  -4  -4  -5  -4  -4  -5  -4  -2  -1  -1  -4  -1   8  -5  -4  -3   0   2  -2    0   0   0   0   0   0   0   0   0   0   0   0   0  99   0   0   0   0   1   0  1.61 0.20
   74 E    -1  -1  -1   1  -5   1   6  -3  -1  -4  -4   0  -3  -4  -2  -1  -2  -4  -3  -3    1   0   1   2   0   2  92   0   0   0   0   0   0   0   0   1   0   0   0   0  1.17 0.17
   75 R    -3   7  -2  -3  -5   0  -1  -4  -1  -4  -3   1  -3  -4  -3  -2  -2  -4  -3  -4    0 100   0   0   0   0   0   0   0   0   0   0   0   0   0   0   0   0   0   0  1.48 0.20
   76 K    -1   0   2  -1  -3   0   0  -2  -1  -2  -2   4  -2  -3  -2   1   3  -4  -3  -2    1   0  15   0   0   0   1   0   0   1   1  42   0   0   0   6  33   0   0   1  0.44 0.10
   77 K    -2   1  -1  -2  -4   0   0  -3  -2  -4  -4   7  -3  -4  -2  -1  -2  -4  -3  -3    0   0   0   0   0   0   0   0   0   0   0 100   0   0   0   0   0   0   0   0  1.17 0.19
   78 P    -2  -3  -3  -1  -4  -2  -2  -3  -3  -4  -4  -2  -4  -5   8  -2  -2  -5  -4  -3    0   0   0   3   0   0   0   0   0   0   0   0   0   0  95   0   1   0   0   0  2.33 0.21
   79 H    -3  -2  -1  -3  -5  -1  -1  -4  10  -5  -4  -2  -3  -3  -4  -2  -3  -4   0  -5    0   0   0   0   0   0   0   0 100   0   0   0   0   0   0   0   0   0   0   0  2.11 0.25
   80 V    -1  -3  -4  -4  -2  -3  -3  -4  -4   2   1  -3   0  -2  -3  -3  -1  -4  -2   5    2   0   0   0   0   0   0   0   0   6   5   0   0   0   0   0   0   0   0  87  0.76 0.14
   81 N    -3  -2   8   0  -4  -1  -1  -2  -1  -5  -5  -1  -3  -4  -3  -1  -1  -5  -3  -4    0   0 100   0   0   0   0   0   0   0   0   0   0   0   0   0   0   0   0   0  1.53 0.21
   82 I    -2  -4  -4  -4  -2  -4  -4  -5  -4   6   1  -4   0  -1  -4  -3  -2  -4  -2   2    0   0   0   0   0   0   0   0   0  97   1   0   0   0   0   0   0   0   0   2  1.02 0.17
   83 G    -1  -3  -1  -2  -4  -3  -3   7  -3  -5  -5  -3  -4  -4  -3  -1  -3  -4  -4  -4    0   0   0   0   0   0   0 100   0   0   0   0   0   0   0   0   0   0   0   0  1.58 0.17
   84 T    -1  -2  -1  -2  -2  -2  -2  -3  -3  -2  -2  -2  -2  -3  -2   0   7  -4  -3  -1    0   0   0   0   0   0   0   0   0   0   0   0   0   0   0   0 100   0   0   0  1.18 0.20
   85 I    -2  -4  -4  -4  -2  -4  -4  -5  -4   6   1  -4   0  -1  -4  -3  -2  -4  -2   2    0   0   0   0   0   0   0   0   0  95   1   0   0   0   0   0   0   0   0   4  1.01 0.17
   86 G    -1  -3  -1  -2  -4  -3  -3   7  -3  -5  -5  -3  -4  -4  -3  -1  -3  -4  -4  -4    0   0   0   0   0   0   0  99   0   0   0   0   0   0   1   0   0   0   0   0  1.56 0.17
   87 H    -3  -2  -1  -3  -5  -1  -2  -4  10  -5  -4  -2  -3  -3  -4  -2  -3  -4   0  -5    0   0   0   0   0   0   0   0 100   0   0   0   0   0   0   0   0   0   0   0  2.13 0.25
   88 V    -1  -4  -4  -4  -2  -3  -4  -4  -4   2   0  -3   0  -2  -3  -3  -1  -4  -2   6    0   0   0   0   0   0   0   0   0   0   0   0   0   0   0   0   1   0   0  99  0.96 0.18
   89 D    -3  -3   0   7  -5  -1   1  -3  -2  -4  -5  -2  -4  -5  -3  -1  -2  -6  -4  -4    0   0   0  99   0   0   1   0   0   0   0   0   0   0   0   0   0   0   0   0  1.61 0.20
   90 H    -3  -2  -1  -3  -5  -1  -2  -4  10  -5  -4  -2  -3  -3  -4  -2  -3  -4   0  -5    0   0   0   0   0   0   0   0 100   0   0   0   0   0   0   0   0   0   0   0  2.13 0.25
   91 G    -1  -3  -1  -2  -4  -3  -3   7  -3  -5  -5  -3  -4  -4  -3  -1  -3  -4  -4  -4    0   0   0   0   0   0   0 100   0   0   0   0   0   0   0   0   0   0   0   0  1.59 0.18
   92 K    -2   1  -1  -2  -4   0   0  -3  -2  -4  -4   7  -3  -4  -2  -1  -2  -4  -3  -4    0   0   0   0   0   0   0   0   0   0   0 100   0   0   0   0   0   0   0   0  1.19 0.19
   93 T    -1  -2  -1  -2  -2  -2  -2  -3  -3  -2  -2  -2  -2  -3  -2   0   7  -4  -3  -1    0   0   0   0   0   0   0   0   0   0   0   0   0   0   0   0 100   0   0   0  1.19 0.20
   94 T    -1  -2  -1  -2  -2  -2  -2  -3  -3  -2  -2  -2  -2  -3  -2   0   7  -4  -3  -1    0   0   0   0   0   0   0   0   0   0   0   0   0   0   0   0 100   0   0   0  1.19 0.20
   95 L    -2  -3  -4  -5  -2  -3  -4  -5  -4   1   5  -4   1   0  -4  -3  -2  -3  -2   0    0   0   0   0   0   0   0   0   0   0  99   0   0   1   0   0   0   0   0   0  0.93 0.15
   96 T    -1  -2  -1  -2  -2  -2  -2  -3  -3  -2  -2  -2  -2  -3  -2   0   7  -4  -3  -1    0   0   0   0   0   0   0   0   0   0   0   0   0   0   0   1  99   0   0   0  1.16 0.20
   97 A     6  -3  -3  -3  -1  -2  -2  -1  -3  -2  -3  -2  -2  -3  -2   0  -1  -4  -3  -1  100   0   0   0   0   0   0   0   0   0   0   0   0   0   0   0   0   0   0   0  0.96 0.18
   98 A     6  -3  -3  -3  -1  -2  -2  -1  -3  -2  -3  -2  -2  -3  -2   0  -1  -4  -3  -1   99   0   0   0   0   0   0   0   0   0   0   0   0   0   0   1   0   0   0   0  0.95 0.17
   99 L    -2  -4  -4  -4  -2  -4  -4  -5  -4   5   3  -4   1  -1  -4  -3  -2  -3  -2   1    0   0   0   0   0   0   0   0   0  73  27   0   0   0   0   0   0   0   0   0  0.76 0.14
  100 T    -1  -2  -1  -2  -2  -2  -2  -2  -3  -2  -2  -2  -2  -3  -2   2   6  -4  -3  -1    0   0   0   0   0   0   0   0   0   0   0   0   0   0   0  14  86   0   0   0  0.96 0.18
  101 M     1  -3  -1  -4  -2  -2  -3  -3  -3   0   1  -2   8  -2  -3  -1  -1  -3  -2  -1   18   0   3   0   0   0   0   1   0   0   3   0  72   0   0   2   1   0   0   0  0.89 0.19
  102 A     4  -2  -2  -2  -1  -2  -2  -1  -3  -1  -2  -2  -1  -3  -2   1   4  -3  -2   1   47   0   0   0   1   0   0   0   0   0   0   0   0   0   0   2  41   0   0   8  0.50 0.12
  103 L    -2  -3  -4  -5  -2  -3  -4  -5  -4   1   5  -4   2   0  -4  -3  -2  -3  -2   0    0   0   0   0   0   0   0   0   0   0  97   0   2   1   0   0   0   0   0   0  0.92 0.16
  104 A     5  -2  -2  -3  -1  -1  -2  -1  -3  -2  -3  -2  -2  -3  -2   2  -1  -4  -3  -1   85   0   0   0   0   1   0   0   0   1   0   0   0   0   0  13   0   0   0   0  0.76 0.16
  105 S     4  -2  -1  -2  -1  -1  -1  -1  -2  -1   0  -1  -1  -2  -1   2   0  -3  -2   0   51   0   1   0   0   1   1   1   0   2   9   2   0   0   0  25   2   0   0   4  0.33 0.09
  106 I     0   0   0  -1  -1   0   0  -1  -1   1   1   0   2  -1  -2   0   0  -1   0   0   10   7   3   2   1   6   3   2   0   8  20   4   9   2   0   7   7   1   2   5  0.04 0.02
  107 G    -1  -2   1  -1  -3  -2  -2   6  -3  -4  -4  -2  -3  -4  -3   1  -1  -3  -4  -4    0   2   5   1   0   0   0  79   0   0   0   0   0   0   0  10   2   0   0   0  1.06 0.14
  108 S    -1   0   4   0  -3   2   0   3  -1  -3  -3   0  -1  -3  -2   0   0  -1  -2  -3    2   2  29   3   0  15   2  29   0   0   0   6   1   0   0   6   4   1   1   0  0.41 0.08
  109 S     3  -2   0  -2   0  -1  -1   2  -2  -2  -2  -1  -2  -3  -2   3   1  -3  -3  -1   38   0   1   0   1   1   0  15   0   1   1   3   0   0   0  31   7   0   0   0  0.37 0.09
  110 V     2   0  -1  -1  -2   1   0  -1  -2  -1  -2   3  -1  -3  -2   0   1  -3  -2   0   27   1   1   0   0   6   3   1   0   1   2  39   0   1   0   2   9   0   0   8  0.27 0.08
  111 A     3  -2  -2  -2  -2  -2  -2   2  -3  -2  -2  -2  -2  -3   4   1  -1  -3  -3  -1   46   0   0   0   0   0   0  17   0   2   2   0   0   0  25   5   1   0   0   2  0.57 0.10
  112 K    -2   3  -1  -2  -4   1   0  -3  -2  -4  -3   6  -2  -4  -2  -1  -1  -1  -3  -3    0  16   0   0   0   3   0   0   0   0   0  78   0   0   0   0   1   1   0   0  0.93 0.16
  113 K     0   2   1  -1  -4   0   0   0  -1  -4  -3   5  -2  -4  -2   0  -1  -4  -3  -3    7   6   9   2   0   1   0   5   0   0   0  67   0   0   0   3   0   0   0   0  0.61 0.13
  114 Y    -3  -3  -4  -5  -3  -3  -4  -4   0  -2  -2  -3  -2   4  -4  -3  -3   1   8  -2    0   0   0   0   0   0   0   0   0   1   0   0   0  12   0   0   0   0  85   1  1.60 0.22
  115 D     0  -2   1   6  -4  -1   2  -2  -2  -4  -4  -1  -2  -4  -2   0  -1  -5  -4  -3    9   0   3  69   0   1  11   0   0   0   0   0   1   0   1   2   2   0   0   0  0.91 0.14
  116 E    -2  -1  -1   4  -5   2   5  -3  -1  -4  -4   0  -3  -4  -2  -1  -2  -4  -3  -4    0   0   0  32   0   5  63   0   0   0   0   0   0   0   0   0   0   0   0   0  0.99 0.15
  117 I    -3  -4  -5  -4  -2  -4  -5  -5  -5   7   0  -4   0  -1  -4  -4  -2  -4  -3   2    0   0   0   0   0   0   0   0   0 100   0   0   0   0   0   0   0   0   0   0  1.13 0.20
  118 D    -3  -3   0   7  -5  -2   0  -3  -2  -5  -5  -2  -4  -5  -3  -1  -2  -6  -4  -5    0   0   0 100   0   0   0   0   0   0   0   0   0   0   0   0   0   0   0   0  1.67 0.21
  119 A     4  -2   0  -2   0  -1  -1   1  -2  -3  -3  -1  -2  -3  -2   3   0  -3  -3  -2   58   0   3   0   1   0   0   8   0   0   0   0   0   0   0  29   0   0   0   0  0.53 0.12
  120 A     6  -3  -3  -3  -2  -2  -2  -1  -3  -2  -3  -2  -2  -3  -2   1  -1  -4  -3  -1   97   0   0   0   0   0   0   0   0   0   0   0   0   0   0   3   0   0   0   0  0.94 0.18
  121 P    -2  -4  -3  -3  -4  -3  -3  -4  -4  -4  -4  -2  -4  -5   8  -2  -2  -5  -4  -4    0   0   0   0   0   0   0   0   0   0   0   0   0   0 100   0   0   0   0   0  2.59 0.24
  122 E    -2  -1  -1   0  -5   1   7  -3  -1  -4  -4   0  -3  -4  -2  -1  -2  -4  -3  -4    0   0   0   0   0   0  98   0   0   0   0   0   0   0   0   0   0   0   0   0  1.35 0.20
  123 E    -2  -1  -1   0  -5   1   7  -3  -1  -4  -4   0  -3  -4  -2  -1  -2  -4  -3  -4    0   0   0   0   0   0  98   0   0   0   0   0   0   0   0   0   0   0   0   0  1.35 0.20
  124 R    -2   5  -1  -2  -4   0   0  -3  -1  -4  -3   5  -2  -4  -2  -1  -2  -4  -3  -3    0  37   0   0   0   1   0   0   0   0   0  60   0   0   0   0   0   0   0   0  0.90 0.15
  125 A     5  -2  -2  -2  -2   0   0  -1  -2  -2  -3  -1  -2  -3  -2   0  -1  -3  -3  -1   89   0   0   0   0   3   4   0   0   0   0   1   0   0   0   1   0   0   0   0  0.76 0.16
  126 R    -3   7  -2  -3  -5   0  -1  -3  -1  -4  -3   1  -3  -4  -3  -2  -2  -4  -3  -4    0  97   0   0   0   0   0   0   0   0   0   0   0   0   0   0   0   0   0   0  1.45 0.21
  127 G    -1  -3  -1  -2  -4  -3  -3   7  -3  -5  -5  -3  -4  -4  -3  -1  -3  -4  -4  -4    0   0   0   0   0   0   0  97   0   0   0   0   0   0   0   0   0   0   0   0  1.53 0.18
  128 I    -2  -4  -4  -4  -2  -4  -4  -5  -4   7   0  -4   0  -1  -4  -3  -2  -4  -2   2    0   0   0   0   0   0   0   0   0  97   0   0   0   0   0   0   0   0   0   0  1.06 0.19
  129 T    -1  -2  -1  -2  -2  -2  -2  -3  -3  -2  -2  -2  -2  -3  -2   0   7  -4  -3  -1    0   0   0   0   0   0   0   0   0   0   0   0   0   0   0   0  99   0   0   0  1.20 0.22
  130 I    -3  -4  -4  -4  -2  -4  -4  -5  -4   7   0  -4   0  -1  -4  -4  -2  -4  -3   2    0   0   0   0   0   0   0   0   0  99   0   0   0   0   0   0   0   0   0   0  1.11 0.19
  131 N    -3  -2   8   0  -4  -1  -2  -2  -1  -5  -5  -1  -4  -4  -3  -1  -1  -5  -3  -4    0   0  98   0   0   0   0   0   0   0   0   0   0   0   0   0   0   0   0   0  1.54 0.23
  132 T    -1  -2  -1  -2  -2  -2  -2  -3  -3  -2  -2  -2  -2  -3  -2   0   7  -4  -3  -1    0   0   0   0   0   0   0   0   0   0   0   0   0   0   0   0  98   0   0   0  1.18 0.21
  133 A     6  -3  -3  -3  -2  -2  -2  -1  -3  -2  -3  -2  -2  -3  -2   0  -1  -4  -3  -1   97   0   0   0   0   0   0   0   0   0   0   0   0   0   0   2   1   0   0   0  0.93 0.18
  134 T    -2  -2  -1  -2  -2  -1  -2  -3   9  -4  -4  -2  -3  -3  -3  -1   3  -4   0  -3    0   0   0   0   1   0   0   0  74   0   0   0   0   0   0   0  25   0   0   0  1.39 0.21
  135 V    -1  -4  -4  -4  -2  -3  -4  -4  -4   2   0  -3   0  -2  -4  -3  -1  -4  -2   6    0   0   0   0   0   0   0   0   0   6   1   0   0   0   0   0   0   0   0  93  0.91 0.17
  136 E    -2  -1  -1   0  -5   1   7  -3  -1  -5  -4   0  -3  -5  -2  -1  -2  -4  -3  -4    0   0   0   0   0   0 100   0   0   0   0   0   0   0   0   0   0   0   0   0  1.40 0.21
  137 Y    -3  -3  -4  -5  -4  -3  -4  -5   0  -3  -3  -3  -2   2  -4  -3  -3   1   9  -3    0   0   0   0   0   0   0   0   0   0   0   0   0   0   0   0   0   0 100   0  1.95 0.25
  138 E    -2  -1  -1   0  -5   2   6  -3  -1  -4  -4   0  -3  -5  -2  -1  -2  -4  -3  -4    0   0   0   0   0   4  94   0   0   0   0   2   0   0   0   0   0   0   0   0  1.29 0.20
  139 T    -1  -2  -1  -2  -2  -2  -2  -3  -3  -2  -2  -2  -2  -3  -2   0   7  -4  -3  -1    0   0   0   0   0   0   0   0   0   0   0   0   0   0   0   1  99   0   0   0  1.20 0.21
  140 E     0  -1   0   2  -4   1   5  -2  -1  -3  -3   0  -3  -4  -1   0  -1  -4  -3  -3    8   1   2  12   0   1  63   2   0   0   1   3   0   0   2   3   2   0   0   1  0.64 0.12
  141 N    -1  -1   5   1  -3   0   0  -1   0  -3  -3   1  -2  -3  -2   1   1  -4  -3  -2    3   0  47   4   0   2   4   3   1   0   2  13   0   0   0  10  12   0   0   1  0.47 0.10
  142 R    -3   7  -2  -3  -5   0  -1  -3  -1  -4  -3   1  -3  -4  -3  -2  -2  -2  -3  -4    0  99   0   0   0   0   0   1   0   0   0   0   0   0   0   0   0   1   0   0  1.49 0.21
  143 H    -3  -2  -1  -3  -5  -1  -2  -4  10  -5  -4  -2  -3  -3  -4  -2  -3  -4   1  -5    0   0   0   0   0   0   0   0  99   0   0   0   0   0   0   0   0   0   1   0  2.17 0.27
  144 Y    -3  -3  -4  -5  -4  -3  -4  -5   0  -3  -3  -3  -2   2  -4  -3  -3   1   9  -3    0   0   0   0   0   0   0   0   0   0   0   0   0   0   0   0   0   0 100   0  1.95 0.25
  145 A     6  -3  -3  -3  -2  -2  -2  -1  -3  -2  -3  -2  -2  -3  -2   0  -1  -4  -3  -1  100   0   0   0   0   0   0   0   0   0   0   0   0   0   0   0   0   0   0   0  1.00 0.19
  146 H    -3  -2  -1  -3  -5  -1  -2  -4  10  -5  -4  -2  -3  -3  -4  -2  -3  -4   0  -5    0   0   0   0   0   0   0   0 100   0   0   0   0   0   0   0   0   0   0   0  2.19 0.27
  147 V    -1  -4  -4  -4  -2  -3  -4  -4  -4   2   0  -3   0  -2  -4  -3  -1  -4  -2   6    0   0   0   0   0   0   0   0   0   0   0   0   0   0   0   0   0   0   0  99  1.00 0.19
  148 D    -3  -3   0   7  -5  -2   0  -3  -2  -4  -5  -2  -4  -5  -3  -1  -2  -6  -4  -5    0   0   0  99   0   0   0   0   0   0   0   0   0   0   0   0   0   0   0   0  1.65 0.21
  149 C    -2  -5  -4  -5  11  -5  -5  -4  -5  -3  -3  -5  -3  -4  -4  -2  -2  -4  -4  -2    0   0   0   0  99   0   0   0   0   0   0   0   0   0   0   0   0   0   0   0  2.57 0.27
  150 P    -2  -4  -3  -3  -4  -3  -3  -4  -4  -4  -4  -2  -4  -5   8  -2  -2  -5  -4  -4    0   0   0   0   0   0   0   0   0   0   0   0   0   0  99   0   0   0   0   0  2.56 0.24
  151 G    -1  -3  -1  -2  -4  -3  -3   7  -3  -5  -5  -3  -4  -4  -3  -1  -3  -4  -4  -4    0   0   0   0   0   0   0  98   0   0   0   0   0   0   0   2   0   0   0   0  1.57 0.18
  152 H    -3  -2  -1  -3  -5  -1  -2  -4  10  -5  -4  -2  -3  -3  -4  -2  -3  -4   0  -5    0   0   0   0   0   0   0   0 100   0   0   0   0   0   0   0   0   0   0   0  2.19 0.27
  153 A     6  -3  -3  -3  -2  -2  -2  -1  -3  -2  -3  -2  -2  -3  -2   0  -1  -4  -3  -1   99   0   0   0   0   0   0   0   0   0   0   0   0   0   0   1   0   0   0   0  0.98 0.19
  154 D    -3  -3   0   7  -5  -2   0  -3  -2  -5  -5  -2  -4  -5  -3  -1  -2  -6  -4  -5    0   0   0 100   0   0   0   0   0   0   0   0   0   0   0   0   0   0   0   0  1.67 0.21
  155 Y    -3  -3  -4  -5  -4  -3  -4  -5   0  -3  -3  -3  -2   2  -4  -3  -3   1   9  -3    0   0   0   0   0   0   0   0   0   0   0   0   0   0   0   0   0   0 100   0  1.95 0.25
  156 V    -1  -4  -4  -4  -2  -3  -4  -4  -4   2   0  -3   0  -2  -4  -3  -1  -4  -2   6    0   0   0   0   0   0   0   0   0   3   0   0   0   0   0   0   0   0   0  97  0.97 0.18
  157 K    -2   1  -1  -2  -4   0   0  -3  -2  -4  -4   7  -3  -4  -2  -1  -2  -4  -3  -4    0   0   0   0   0   0   0   0   0   0   0 100   0   0   0   0   0   0   0   0  1.24 0.21
  158 N    -3  -2   8   0  -4  -1  -2  -2  -1  -5  -5  -1  -4  -4  -3  -1  -1  -5  -3  -4    0   0 100   0   0   0   0   0   0   0   0   0   0   0   0   0   0   0   0   0  1.59 0.23
  159 M    -2  -3  -4  -5  -3  -2  -4  -4  -3   0   1  -3   9  -1  -4  -3  -2  -3  -3  -1    0   0   0   0   0   0   0   0   0   0   0   0 100   0   0   0   0   0   0   0  1.70 0.27
  160 I    -3  -4  -5  -4  -2  -4  -5  -5  -5   7   0  -4   0  -1  -4  -4  -2  -4  -3   2    0   0   0   0   0   0   0   0   0 100   0   0   0   0   0   0   0   0   0   0  1.13 0.20
  161 T    -1  -2  -1  -2  -2  -2  -2  -3  -3  -2  -2  -2  -2  -3  -2   0   7  -4  -3  -1    0   0   0   0   0   0   0   0   0   0   0   0   0   0   0   0  99   0   0   1  1.21 0.22
  162 G    -1  -4  -2  -2  -4  -3  -3   7  -3  -5  -5  -3  -4  -4  -3  -1  -3  -4  -4  -4    0   0   0   0   0   0   0 100   0   0   0   0   0   0   0   0   0   0   0   0  1.62 0.19
  163 A     6  -3  -3  -3  -2  -2  -2  -1  -3  -2  -3  -2  -2  -3  -2   0  -1  -4  -3  -1  100   0   0   0   0   0   0   0   0   0   0   0   0   0   0   0   0   0   0   0  1.00 0.19
  164 A     6  -3  -3  -3  -2  -2  -2  -1  -3  -2  -3  -2  -2  -3  -2   0  -1  -4  -3  -1  100   0   0   0   0   0   0   0   0   0   0   0   0   0   0   0   0   0   0   0  1.00 0.19
  165 Q    -2   0  -1  -2  -4   8   1  -3  -1  -4  -4   0  -2  -5  -3  -1  -2  -3  -3  -4    0   0   0   0   0 100   0   0   0   0   0   0   0   0   0   0   0   0   0   0  1.57 0.25
  166 M    -2  -3  -4  -5  -3  -2  -4  -4  -3   0   1  -3   9  -1  -4  -3  -2  -3  -3  -1    0   0   0   0   0   0   0   0   0   0   0   0 100   0   0   0   0   0   0   0  1.70 0.27
  167 D    -3  -3   0   7  -5  -2   0  -3  -2  -5  -5  -2  -4  -5  -3  -1  -2  -6  -4  -5    0   0   0 100   0   0   0   0   0   0   0   0   0   0   0   0   0   0   0   0  1.67 0.21
  168 G    -1  -4  -2  -2  -4  -3  -3   7  -3  -5  -5  -3  -4  -4  -3  -1  -3  -4  -4  -4    0   0   0   0   0   0   0 100   0   0   0   0   0   0   0   0   0   0   0   0  1.62 0.19
  169 A     5  -3  -3  -3  -2  -2  -2   1  -3  -3  -3  -2  -2  -3  -2   0  -1  -4  -3  -1   93   0   0   0   0   0   0   7   0   0   0   0   0   0   0   0   0   0   0   0  0.87 0.17
  170 I    -3  -4  -5  -4  -2  -4  -4  -5  -5   7   0  -4   0  -1  -4  -4  -2  -4  -3   2    0   0   0   0   0   0   0   0   0  99   0   0   0   0   0   0   0   0   0   1  1.12 0.19
  171 L    -3  -3  -5  -5  -2  -3  -4  -5  -4   1   5  -4   1  -1  -4  -4  -2  -3  -2   0    0   0   0   0   0   0   0   0   0   0 100   0   0   0   0   0   0   0   0   0  0.98 0.17
  172 V    -1  -4  -4  -4  -2  -3  -4  -4  -4   2   0  -3   0  -2  -4  -3  -1  -4  -2   6    0   0   0   0   0   0   0   0   0   0   2   0   0   0   0   0   0   0   0  98  0.97 0.18
  173 V    -1  -4  -4  -4   2  -3  -4  -4  -4   2   0  -3   0  -2  -4  -3  -1  -4  -2   6    0   0   0   0   5   0   0   0   0   1   0   0   0   0   0   0   0   0   0  95  0.92 0.18
  174 S     1  -2  -1  -1  -2  -1  -1  -1  -2  -4  -4  -1  -3  -4  -2   6   0  -4  -3  -3    6   0   0   0   0   0   0   0   0   0   0   0   0   0   0  94   0   0   0   0  0.97 0.19
  175 G     4  -3  -2  -2  -2  -2  -2   5  -3  -3  -3  -2  -3  -4  -2   0  -2  -3  -3  -2   46   0   0   0   0   0   0  53   0   0   0   0   0   0   0   0   0   0   0   1  0.83 0.13
  176 A     5  -2  -2  -3  -1  -2  -2  -1  -3  -2  -2  -2  -2  -3  -2   0   1  -4  -3  -1   89   0   0   0   0   0   0   0   0   0   0   0   0   0   0   1   6   0   0   3  0.80 0.16
  177 D    -3  -3   0   7  -5  -1   0  -3  -2  -4  -5  -2  -4  -5  -3  -1  -2  -6  -4  -5    0   0   1  99   0   0   0   0   0   0   0   0   0   0   0   0   0   0   0   0  1.64 0.21
  178 G    -1  -4  -2  -2  -4  -3  -3   7  -3  -5  -5  -3  -4  -4  -3  -1  -3  -4  -4  -4    0   0   0   0   0   0   0 100   0   0   0   0   0   0   0   0   0   0   0   0  1.62 0.19
  179 P    -1  -3  -3  -3  -4  -3  -2  -3  -4  -4  -4  -2  -4  -5   8  -2  -2  -5  -4  -4    3   0   0   0   0   0   0   0   0   0   0   0   0   0  97   1   0   0   0   0  2.46 0.23
  180 M    -2  -3  -4  -4  -3  -2  -2  -4  -3   0   1  -3   9  -1  -4  -3  -2  -3  -3  -1    0   0   0   0   0   0   2   0   0   0   0   0  98   0   0   0   0   0   0   0  1.62 0.27
  181 P    -1  -4  -3  -3  -4  -3  -2  -3  -4  -4  -4  -2  -4  -5   8  -2  -2  -5  -4  -4    2   0   0   0   0   0   0   0   0   0   0   0   0   0  98   0   0   0   0   0  2.50 0.23
  182 Q    -2   0  -1  -2  -4   8   1  -3  -1  -4  -4   0  -2  -5  -3  -1  -2  -3  -3  -4    0   0   0   0   0 100   0   0   0   0   0   0   0   0   0   0   0   0   0   0  1.57 0.25
  183 T    -1  -2  -1  -2  -2  -2  -2  -3  -3  -2  -3  -2  -2  -3  -2   0   7  -4  -3  -1    0   0   0   0   0   0   0   0   0   0   0   0   0   0   0   0 100   0   0   0  1.23 0.22
  184 K    -2   5  -1  -2  -4   0   0  -3  -1  -4  -3   5  -2  -4  -2  -1  -2  -4  -3  -3    0  43   0   0   0   0   0   0   0   0   0  56   0   0   0   0   0   0   0   0  0.95 0.16
  185 E    -2  -1  -1   0  -5   1   7  -3  -1  -5  -4   0  -3  -5  -2  -1  -2  -4  -3  -4    0   0   0   0   0   0 100   0   0   0   0   0   0   0   0   0   0   0   0   0  1.40 0.21
  186 H    -3  -2  -1  -3  -5  -1  -2  -4  10  -5  -4  -2  -3  -3  -4  -2  -3  -4   0  -5    0   0   0   0   0   0   0   0 100   0   0   0   0   0   0   0   0   0   0   0  2.19 0.27
  187 I    -2  -4  -4  -4  -2  -4  -4  -5  -4   6   1  -4   0  -1  -4  -3  -2  -4  -2   2    0   0   0   0   0   0   0   0   0  91   6   0   0   0   0   0   0   0   0   3  0.97 0.17
  188 L    -3  -3  -5  -5  -2  -3  -4  -5  -4   1   5  -4   1  -1  -4  -4  -2  -3  -2   0    0   0   0   0   0   0   0   0   0   0 100   0   0   0   0   0   0   0   0   0  0.97 0.17
  189 L    -3  -3  -5  -5  -2  -3  -4  -5  -4   1   5  -4   1  -1  -4  -4  -2  -3  -2   0    0   0   0   0   0   0   0   0   0   0 100   0   0   0   0   0   0   0   0   0  0.98 0.17
  190 A     6  -2  -2  -3  -1  -2  -2  -1  -3  -2  -3  -2  -2  -3  -2   1  -1  -4  -3  -1   93   0   0   0   0   0   0   0   0   0   0   0   0   0   0   7   0   0   0   0  0.89 0.17
  191 K    -2   3  -1  -2  -4   1   0  -3  -2  -4  -4   6  -2  -4  -2  -1  -2  -4  -3  -3    0  11   0   0   0   3   0   0   0   0   0  86   0   0   0   0   0   0   0   0  1.02 0.18
  192 Q    -2   0  -1  -2  -4   8   1  -3  -1  -4  -4   0  -2  -5  -3  -1  -2  -3  -3  -4    0   0   0   0   0 100   0   0   0   0   0   0   0   0   0   0   0   0   0   0  1.57 0.25
  193 V    -1  -4  -4  -4  -2  -3  -4  -4  -4   2   0  -3   0  -2  -4  -3  -1  -4  -2   6    0   0   0   0   0   0   0   0   0   0   0   0   0   0   0   0   0   0   0 100  1.01 0.19
  194 G    -1  -4  -2  -2  -4  -3  -3   7  -3  -5  -5  -3  -4  -4  -3  -1  -3  -4  -4  -4    0   0   0   0   0   0   0 100   0   0   0   0   0   0   0   0   0   0   0   0  1.62 0.19
  195 V    -1  -4  -4  -4  -2  -3  -4  -4  -4   2   0  -3   0  -2  -4  -3  -1  -4  -2   6    0   0   0   0   0   0   0   0   0   2   0   0   0   0   0   0   0   0   0  98  0.98 0.18
  196 P    -2  -4  -3  -3  -4  -3  -2  -4  -4  -4  -4  -2  -4  -5   8  -2  -2  -5  -4  -4    0   0   0   0   0   0   0   0   0   0   0   0   0   0  99   1   0   0   0   0  2.54 0.24
  197 D     0   0   5   1  -3   0  -1  -1   2  -4  -4   0  -3  -3  -2   2   0  -3  -1  -3    6   2  52   5   0   1   0   0   7   0   0   5   0   0   0  19   1   0   1   0  0.58 0.11
  198 M    -2  -3  -4  -4  -2  -3  -4  -4  -4   4   3  -3   4  -1  -4  -3  -2  -3  -2   2    0   0   0   0   0   0   0   0   0  50  23   0  22   0   0   0   0   0   0   5  0.61 0.12
  199 V    -1  -4  -4  -4  -2  -3  -4  -4  -4   2   0  -3   0  -2  -4  -3  -1  -4  -2   6    0   0   0   0   0   0   0   0   0   1   0   0   0   0   0   0   0   0   0  98  0.98 0.19
  200 V    -1  -4  -4  -4  -2  -3  -4  -4  -4   2   0  -3   0  -2  -4  -3  -1  -4  -2   6    0   0   0   0   0   0   0   0   0   0   0   0   0   0   0   0   0   0   0  99  1.00 0.19
  201 F    -3  -4  -4  -5  -4  -5  -5  -4  -3  -1  -1  -4  -1   8  -5  -4  -3   0   2  -2    1   0   0   0   0   0   0   0   0   0   0   0   0  99   0   0   0   0   0   0  1.68 0.22
  202 L    -2  -3  -4  -5  -2  -3  -4  -5  -4   1   5  -3   2  -1  -4  -3  -2  -3  -2   0    0   0   0   0   0   0   0   0   0   1  96   0   3   0   0   0   0   0   0   0  0.92 0.16
  203 N    -3  -2   8   0  -4  -1  -2  -2  -1  -5  -5  -1  -4  -4  -3  -1  -1  -5  -3  -4    0   0 100   0   0   0   0   0   0   0   0   0   0   0   0   0   0   0   0   0  1.59 0.23
  204 K    -2   1  -1  -2  -4   0   0  -3  -2  -4  -4   7  -3  -4  -2  -1  -2  -4  -3  -4    0   0   0   0   0   0   0   0   0   0   0 100   0   0   0   0   0   0   0   0  1.24 0.21
  205 E     0   0  -1   0  -2   4   4  -2  -1  -1  -3   1  -2  -4  -2  -1  -1  -3  -3  -2    7   0   0   0   1  33  42   0   0   4   0   9   0   0   0   0   1   0   0   3  0.58 0.12
  206 D    -3  -3   0   7  -5  -2   0  -3  -2  -5  -5  -2  -4  -5  -3  -1  -2  -6  -4  -5    0   0   0 100   0   0   0   0   0   0   0   0   0   0   0   0   0   0   0   0  1.67 0.21
  207 Q    -2  -1  -2  -2  -4   7   0  -3  -1  -3  -1   0   4  -3  -3  -2  -2  -3  -3  -3    0   0   0   0   0  80   0   0   0   0   2   0  18   0   0   0   0   0   0   0  1.12 0.21
  208 V    -1  -4  -4  -4  -2  -3  -4  -4  -4   2   0  -3   1   0  -3  -3  -1  -4  -2   6    0   0   0   0   0   0   0   0   0   2   3   0   4   3   0   0   0   0   0  89  0.81 0.16
  209 D    -3  -3   0   7  -5  -1   1  -3  -2  -4  -5  -2  -4  -5  -1  -1  -2  -5  -4  -4    0   0   1  90   0   0   6   0   0   0   0   0   0   0   3   0   0   0   0   0  1.42 0.19
  210 D    -3  -3   0   7  -5  -1   0  -1  -2  -4  -5  -2  -4  -5  -3  -1  -2  -5  -4  -4    0   0   0  94   0   1   0   5   0   0   0   0   0   0   0   0   0   0   0   0  1.50 0.20
  211 A     1  -1   0   1  -3   1   5  -1  -1  -3  -3   0  -2  -4   1   0  -1  -4  -3  -2   14   0   2   7   0   2  56   3   0   1   1   4   0   0   7   2   2   0   0   1  0.53 0.10
  212 E    -2   0  -1   1  -5   1   6  -3  -1  -4  -4   0  -3  -4  -2  -1  -2  -4  -3  -4    0   3   1   2   0   0  93   1   0   0   0   0   0   0   0   0   0   0   0   0  1.23 0.19
  213 L    -2  -3  -4  -4   1  -3  -2  -4  -4   1   5  -3   1  -1  -4  -3  -2  -3  -2   0    0   0   0   0   3   0   2   0   0   4  90   0   0   0   0   0   0   0   0   0  0.77 0.14
  214 L    -2  -2  -4  -4  -2  -2  -3  -4  -3   1   5  -3   1  -1  -4  -2  -2   1  -2   0    0   1   0   0   0   1   0   0   0   4  86   1   1   0   0   3   0   2   0   1  0.68 0.13
  215 E    -2  -1  -1   1  -4   3   6  -3  -1  -3  -4   0  -3  -4  -2  -1  -2  -4  -3  -3    0   0   0   4   0  14  78   0   0   1   0   0   0   0   0   0   0   0   0   1  1.01 0.16
  216 L    -2  -3  -4  -4  -2  -3  -2  -5  -3   1   5  -3   1   0  -4  -3  -2  -2   0   0    0   0   0   0   0   0   2   0   0   0  94   0   0   0   0   0   0   0   3   0  0.83 0.15
  217 V    -1  -4  -4  -4  -2  -3  -4  -4  -4   2   0  -3   0  -2  -3  -3  -1  -4  -2   6    0   0   0   0   0   0   0   0   0   1   5   0   0   0   0   0   0   0   0  93  0.88 0.17
  218 E    -2   0  -1   1  -5   1   6  -3  -1  -4  -4   0  -3  -4  -2  -1  -2  -4  -3  -2    0   3   0   3   0   2  88   0   0   0   0   0   0   0   0   0   0   0   0   2  1.11 0.18
  219 L    -2  -3  -4  -4  -2  -3  -2  -4  -3   1   5  -3   2   1  -4  -3  -2  -2  -1   0    0   0   0   0   0   0   2   0   0   1  88   0   3   3   0   0   0   0   1   1  0.75 0.14
  220 E    -2   0  -1   0  -5   1   6  -3  -1  -4  -3   0  -3  -4  -2  -1  -2  -4  -3  -3    0   3   0   0   0   0  94   0   0   0   2   0   0   0   0   0   0   0   0   0  1.22 0.19
  221 V    -1  -3  -4  -4  -2  -3  -3  -4  -4   3   1  -3   1   0  -3  -3  -1  -3  -2   5    1   0   0   0   0   0   1   0   0  14   3   0   2   3   0   0   0   0   0  75  0.63 0.13
  222 R    -2   7  -2  -3  -4   1  -1  -3  -1  -4  -3   1  -2  -4  -3  -2  -2  -4  -3  -3    3  90   0   0   0   4   0   0   0   0   0   1   0   0   0   0   0   0   0   1  1.24 0.19
  223 E    -2  -1  -1   1   0   1   6  -3  -1  -4  -4   0  -3  -4  -2  -1  -2  -4  -3  -4    0   1   0   4   3   0  90   0   0   0   0   0   0   0   0   0   0   0   0   0  1.16 0.18
  224 L    -2  -3  -3  -3  -2  -2  -2  -4  -3   0   4  -3   1   0  -3  -2   2  -2  -1   0    1   0   0   0   0   0   2   0   0   1  66   0   1   3   0   0  25   0   1   1  0.48 0.11
  225 L    -2  -3  -4  -4  -2  -3  -4  -4  -4   1   5  -3   1   0  -4  -3  -2  -2  -2   0    0   0   0   0   0   0   0   0   0   0  96   0   0   0   0   0   0   0   0   0  0.87 0.15
  226 S     0  -2   2   3  -2  -1   0  -1  -1  -3  -3  -1  -2  -3  -2   4   1  -3  -2  -2    1   0   8  18   0   1   4   1   0   0   0   0   0   1   0  55   7   0   0   1  0.47 0.11
  227 S     0   0   2   1  -2   1   1  -1   0  -3  -3   2  -2  -3  -2   3   0  -3  -2  -2    6   4  14   4   0   7  10   0   1   0   1  14   0   0   0  36   2   0   1   0  0.32 0.07
  228 Y    -3  -3  -3  -4  -4  -3  -3  -4   0  -3  -2  -3  -2   2  -4  -3  -3   1   9  -2    0   0   1   0   0   0   0   0   0   0   0   0   0   0   0   0   0   0  95   0  1.75 0.23
  229 E    -2  -2   1   5  -4   0   4  -1  -1  -4  -4  -1  -3  -4  -2  -1  -2  -4  -3  -3    0   0   3  42   0   0  46   4   0   0   0   1   0   0   0   0   0   0   0   0  0.84 0.13
  230 F    -3  -4  -4  -4  -3  -4  -4  -4  -2  -1  -1  -4  -1   8  -4  -3  -3   0   3  -2    0   0   0   0   0   0   0   0   0   0   0   0   0  91   0   0   0   0   5   0  1.45 0.19
  231 N    -2  -3  -2   1  -4  -2  -2  -3  -3  -4  -4  -2  -3  -4   8  -1  -2  -4  -4  -3    1   0   2   8   0   1   1   0   0   0   1   1   0   0  83   1   0   0   0   0  1.92 0.18
  232 G    -1  -3  -1  -2  -3  -3  -3   6  -3  -4  -4  -2  -3  -4  -3  -1  -2  -3  -4  -3    0   0   0   1   0   0   1  94   0   0   0   0   0   0   0   1   0   0   0   1  1.40 0.16
  233 D    -2  -2   1   7  -4  -1   1  -2  -2  -4  -4  -2  -3  -4  -2  -1  -2  -5  -4  -4    1   0   4  85   0   0   5   1   0   0   0   0   1   0   0   1   0   0   0   0  1.24 0.17
  234 D    -2  -2   2   6  -4   0   3  -2  -1  -4  -4  -1  -3  -4  -2   0  -1  -4  -3  -3    1   0   7  56   0   0  28   0   0   0   0   1   0   0   0   2   2   0   0   0  0.86 0.12
  235 I    -2  -4  -4  -4  -2  -3  -3  -4  -4   6   1  -3   0  -1  -3  -3  -1  -3  -2   3    0   0   0   0   0   0   2   0   0  76   2   0   0   1   0   0   3   0   0  15  0.70 0.14
  236 P    -2  -3  -3  -3  -4  -2  -2  -3  -3  -4  -3  -2  -3  -5   8  -1  -2  -5  -4  -3    0   1   0   0   0   0   0   0   0   0   2   0   0   0  93   2   0   0   0   0  2.29 0.21
  237 I    -2  -4  -4  -4  -1  -3  -4  -4  -4   5   1  -3   1   2  -3  -3  -1  -3  -1   3    0   0   0   0   1   0   0   0   0  65   3   0   1  13   0   0   0   0   0  15  0.60 0.12
  238 I    -1  -3  -3  -4   2  -2  -3  -4  -3   4   0  -3   0  -1  -3  -2   0  -3  -2   4    1   0   0   0   6   2   0   0   1  33   1   0   0   0   0   0   4   0   0  52  0.51 0.11
  239 S     2   0  -1  -1   0  -1  -1  -1  -2  -2  -2   0  -2  -3   2   3   1  -3  -2  -1   21   4   0   0   1   1   0   1   0   2   3   6   0   0  10  41   9   0   0   1  0.33 0.08
  240 G    -1  -4  -2  -2  -4  -3  -3   7  -3  -5  -5  -3  -4  -4  -3  -1  -3  -4  -4  -3    0   0   0   0   0   0   0  98   0   0   0   0   0   0   0   0   0   0   0   2  1.54 0.18
  241 S     0  -1  -1  -1  -2  -1  -1  -2  -2  -4  -4  -1  -3  -4  -2   6   0  -4  -3  -3    0   3   0   0   0   0   2   0   0   0   0   0   0   0   0  96   0   0   0   0  0.99 0.20
  242 A     5  -2  -2  -3  -2  -2  -2   1  -3  -2  -1  -2  -2  -3  -2   0  -1  -4  -3  -1   85   1   0   0   0   0   0   8   0   0   4   0   0   0   0   0   2   0   0   0  0.72 0.15
  243 L    -2  -3  -4  -4  -2  -3  -3  -5  -4   1   5  -3   1  -1  -4  -3  -2  -3  -2   0    0   0   0   0   0   0   2   0   0   0  96   1   0   0   0   0   0   0   0   1  0.88 0.16
  244 L    -2  -1  -2  -3  -2   2  -1  -3  -2   0   3   1   2  -1  -3  -2  -2  -3  -2   0    1   1   2   0   0  12   2   0   0   0  55  15   9   0   0   1   0   0   0   2  0.32 0.09
  245 A     6  -3  -3  -3  -2  -2  -2  -1  -3  -2  -3  -2  -2  -3  -1   0  -1  -4  -3  -1   96   0   0   0   0   0   0   0   0   0   0   0   0   0   2   2   0   0   0   0  0.92 0.18
  246 V    -2  -3  -4  -4  -2  -3  -3  -4  -4   2   4  -3   1   0  -3  -3  -2  -3  -2   2    0   0   0   0   0   0   0   0   0   8  75   0   0   0   0   0   1   0   0  14  0.63 0.11
  247 E    -2  -1   0   1  -4   2   6  -3  -1  -4  -4   0  -3  -4  -2  -1  -1  -4  -3  -3    0   1   3   4   0   5  83   0   0   0   0   0   0   0   0   0   2   0   0   0  1.04 0.16
  248 T     5  -2  -1  -2  -1  -1  -1  -1  -1  -2  -2   0  -2  -2  -2   1   0  -3  -1  -1   73   0   1   0   0   2   2   0   1   0   0   7   0   1   0   4   4   0   2   2  0.48 0.12
  249 L    -2  -3  -4  -4  -1  -2  -3  -4  -3   2   4  -3   4   0  -3  -3  -2  -2  -2   1    1   0   0   0   1   0   0   0   0  12  61   0  14   1   0   0   0   0   0   9  0.53 0.10
  250 T     0  -2   0  -2  -2   0  -1  -2  -2   1   0  -1   4  -2  -2   1   4  -3  -2   0    3   0   2   0   0   4   3   0   0   8   1   1  20   0   0   9  41   0   0   6  0.30 0.09
  251 E     3  -1   0   1  -2   1   3   0  -1  -3  -3   1  -2  -3  -1   1   0  -3  -2  -2   36   0   4   4   0   2  27   4   0   0   0  11   0   0   0   8   1   0   0   1  0.31 0.07
  252 N    -2  -1   7   1  -4  -1  -1   0   0  -4  -4   0  -3  -4  -3   0  -1  -4  -3  -4    2   0  77   5   0   1   1   4   0   0   0   6   0   0   0   2   2   0   0   0  0.98 0.16
  253 P    -1  -3  -1  -2  -4  -2  -2  -2  -3  -3  -4  -1  -3  -4   8  -1  -1  -5  -4  -3    2   0   4   0   0   0   1   1   0   1   0   2   0   0  81   4   2   0   0   0  1.82 0.18
  254 K     1   0   1   0  -2   1   1  -1  -1  -3  -3   3  -2  -3  -1   2   1  -3  -2  -2   10   0  10   4   0   6   6   3   0   0   0  32   0   0   0  17  11   0   0   1  0.27 0.06
  255 V    -1  -3  -3  -3  -2  -3  -3  -3  -3   5   1  -3   1  -1  -3  -2   1  -3  -2   2    3   0   1   0   0   0   1   2   0  58  12   0   1   0   0   0  15   0   0   6  0.41 0.10
  256 K     0   1   0  -1  -3   3   1  -1  -1  -2  -2   4  -1  -3  -1   0   0  -3  -2  -1    7   1   1   1   0  19   4   3   1   1   3  45   0   0   1   4   6   0   0   3  0.35 0.09
  257 R    -2   6  -1  -1  -4   1  -1  -3  -1  -3  -3   3  -2  -4   0  -1  -1  -4  -3  -3    1  66   0   1   0   2   1   0   0   0   0  19   0   0   5   1   1   0   0   1  0.85 0.14
  258 G    -1  -3  -1  -2  -4  -3  -2   6  -3  -4  -5  -2  -4  -4  -3  -1  -2  -4  -4  -4    1   0   2   1   0   0   2  92   0   1   0   1   0   0   0   1   1   0   0   0  1.36 0.17
  259 D    -2  -1   0   4  -4   1   5  -2  -1  -4  -4   0  -3  -4  -2   0  -1  -4  -3  -3    0   0   1  32   0   4  56   1   0   1   0   2   0   0   0   2   1   0   0   0  0.84 0.13
  260 N    -2  -2   7   4  -4  -1  -1  -2   0  -4  -5  -1  -3  -4  -2   0  -1  -5  -3  -4    0   0  74  23   0   0   0   0   0   0   0   0   0   0   1   1   0   0   0   0  1.14 0.18
  261 K    -1   0  -1   0  -4   3   3  -3  -1  -3  -3   3  -2  -4   3  -1  -1  -4  -3  -2    0   0   1   1   0  15  33   0   0   0   1  29   0   0  14   2   1   0   0   1  0.56 0.10
  262 W    -4  -5  -6  -6  -4  -4  -5  -4  -4  -4  -3  -5  -3  -1  -6  -5  -4  12   1  -5    0   0   0   0   0   0   0   0   0   0   0   0   0   0   0   0   0  99   0   0  3.65 0.32
  263 V    -1  -4  -4  -4  -2  -3  -3  -3  -4   2   0  -3   0  -2  -3  -3  -1  -4  -2   6    0   0   0   0   0   0   1   2   0   4   0   0   0   0   0   0   2   0   0  92  0.83 0.17
  264 D    -2  -3   0   7  -5  -1   1  -3  -2  -4  -5  -2  -4  -5  -3  -1  -2  -5  -4  -4    1   0   0  95   0   2   1   0   0   0   0   1   0   0   0   1   0   0   0   0  1.50 0.20
  265 K    -1   1  -1  -2  -2   1   0  -2  -1  -4  -3   6  -2  -4  -2  -1  -1  -4  -2  -3    1   2   0   0   1   2   0   2   1   0   1  87   0   0   0   0   2   0   1   0  0.90 0.17
  266 I    -2  -4  -4  -4  -2  -4  -4  -5  -5   7   0  -4   0  -1  -4  -4  -2  -4  -2   2    0   0   0   0   0   0   0   0   0  97   0   0   0   0   0   0   0   0   0   3  1.09 0.19
  267 Y    -3  -3  -3  -4  -3  -2  -3  -4   3  -2   0  -3  -1   4  -4  -3  -3   2   7  -2    0   0   0   0   0   0   1   0   8   0  10   0   0  15   0   0   0   1  64   0  1.07 0.16
  268 E     1  -1   1   2  -3   2   3  -1  -1  -3  -3   1  -2  -3  -2   1   0  -3  -2  -2   19   0   5  14   0   7  33   1   0   0   0  10   0   0   0   8   3   0   0   0  0.38 0.07
  269 L    -3  -3  -5  -5  -2  -3  -4  -5  -4   1   5  -4   1  -1  -4  -4  -2  -3  -2   0    0   0   0   0   0   0   0   0   0   0 100   0   0   0   0   0   0   0   0   0  0.98 0.17
  270 M    -2  -2  -4  -5  -3  -2  -4  -4  -3   0   1  -3   9  -1  -4  -3  -2  -3  -2   0    0   1   0   0   0   0   0   0   0   1   0   0  97   0   0   0   0   0   0   1  1.59 0.26
  271 D    -2  -2   0   7  -4  -1   2  -2  -2  -4  -5  -1  -4  -5  -2  -1  -2  -5  -4  -4    2   0   1  81   0   1  10   0   0   0   0   2   0   0   0   1   1   0   0   0  1.19 0.16
  272 A     3  -1   0  -1  -1   2   1  -1  -1  -2  -2   1  -1  -3  -2   2   0  -3  -2  -1   41   1   5   0   1  10  11   0   0   2   0   7   0   0   0  15   3   0   0   1  0.28 0.07
  273 V    -1  -4  -4  -4  -2  -3  -4  -4  -4   2   0  -3   0  -2  -4  -3  -1  -4  -2   6    0   0   0   0   0   0   0   0   0   4   0   0   0   0   0   0   0   0   0  96  0.95 0.18
  274 D    -3  -3   0   7  -5  -2   0  -3  -2  -5  -5  -2  -4  -5  -3  -1  -2  -6  -4  -5    0   0   0 100   0   0   0   0   0   0   0   0   0   0   0   0   0   0   0   0  1.67 0.21
  275 D     1  -1   2   2  -2   0   2  -1  -1  -3  -3   0  -2  -3  -2   3   1  -4  -3  -2    9   0  16  10   0   2  20   1   0   0   0   3   0   0   0  34   5   0   0   0  0.38 0.08
  276 Y    -2  -3  -3  -4  -4  -3  -3  -4   1  -3  -2  -3  -2   2  -4  -1  -2   1   8  -2    1   0   1   0   0   0   0   0   2   0   0   0   0   3   0   3   0   1  88   0  1.53 0.22
  277 I    -2  -4  -4  -4  -2  -4  -4  -5  -4   6   1  -4   0  -1  -4  -4  -2  -4  -2   2    0   0   0   0   0   0   0   0   0  97   0   0   0   0   0   0   0   0   0   3  1.07 0.19
  278 P    -2  -3  -3  -2  -4  -2  -2  -4  -4  -4  -4  -2  -4  -5   8  -2  -2  -5  -4  -4    0   0   0   0   0   0   0   0   0   0   1   0   0   0  97   1   1   0   0   0  2.44 0.23
  279 I    -1  -2  -1  -2  -2  -2  -1  -3  -3   3   0  -2  -1  -2  -2   0   5  -3  -2   0    1   0   0   1   0   0   3   0   0  24   6   0   0   0   0   0  61   0   0   2  0.51 0.13
  280 P    -2  -4  -3  -3  -4  -3  -3  -4  -4  -4  -4  -2  -4  -5   8  -2  -2  -5  -4  -4    0   0   0   0   0   0   0   0   0   0   0   0   0   0 100   0   0   0   0   0  2.59 0.24
  281 Q    -1   0  -1   0  -4   4   4  -3  -1  -2  -3   1  -2  -4  -1  -1  -1  -3  -3  -1    2   0   0   2   0  31  45   0   0   2   0   6   0   0   2   0   3   0   0   6  0.60 0.12
  282 R    -3   7  -2  -3  -5   0  -1  -4  -1  -4  -4   1  -3  -4  -3  -2  -2  -4  -3  -4    0 100   0   0   0   0   0   0   0   0   0   0   0   0   0   0   0   0   0   0  1.54 0.22
  283 Q    -1  -1   1   5  -4   4   3  -2  -1  -4  -4   0  -2  -4  -2  -1  -2  -4  -3  -3    4   0   3  41   0  26  22   0   0   0   0   0   0   0   0   0   0   0   0   0  0.70 0.12
  284 T    -1  -2  -2  -3  -2  -2  -2  -3  -3   2  -1  -2   0  -2  -2   0   4  -3  -2   3    0   0   1   0   0   0   0   0   0  19   0   0   1   0   1   0  52   0   0  25  0.48 0.12
  285 E    -2  -2   0   6  -4   0   4  -2  -2  -4  -4  -1  -4  -4  -2  -1  -2  -5  -4  -4    0   0   0  70   0   0  28   0   0   0   0   0   0   0   0   0   0   0   0   0  1.14 0.16
  286 L    -2   1  -2  -2  -3   0  -1  -3  -2  -2   1   5  -1  -3  -2  -1  -2  -3  -2  -2    0   1   0   0   0   2   0   0   0   0  24  71   0   0   0   0   0   0   0   0  0.62 0.14
  287 P    -1  -2  -2   0  -3  -2  -2  -3  -3  -3  -3  -1  -3  -4   7   0   2  -4  -3  -3    3   0   1   5   0   1   0   0   0   0   0   1   0   0  66   4  18   0   0   0  1.40 0.15
  288 F    -3  -4  -4  -5  -4  -4  -4  -4  -2  -1  -1  -4  -1   8  -5  -4  -3   0   2  -2    0   0   0   0   0   0   0   0   0   0   1   0   0  97   0   0   0   0   0   0  1.57 0.21
  289 L    -2  -3  -4  -4  -2  -3  -4  -4  -4   1   5  -3   1  -1  -4  -3  -2  -3  -2   0    0   0   0   0   0   0   0   0   0   0  98   0   0   0   0   0   0   0   0   0  0.91 0.16
  290 L    -2  -3  -3  -4  -2  -2  -3  -4  -3   0   3  -3   8  -1  -4  -3  -2  -3  -2   0    0   0   0   0   1   0   0   0   0   0  24   0  72   0   0   0   0   0   0   0  1.06 0.19
  291 A     6  -2  -3  -3  -1  -2  -2  -1  -3  -2  -3  -2  -2  -3  -1   0  -1  -4  -3  -1   97   0   0   0   0   0   0   0   0   0   0   0   0   0   1   0   0   0   0   0  0.92 0.17
  292 V    -1  -3  -4  -4  -2  -3  -3  -4  -4   4   0  -3   0  -1  -3  -3  -1  -4  -2   5    0   0   0   0   0   0   0   0   0  33   0   0   0   0   0   0   0   0   0  65  0.71 0.13
  293 E    -2  -1  -1   0  -5   1   7  -3  -1  -4  -4   0  -3  -4  -2  -1  -2  -4  -3  -4    0   0   0   0   0   0  98   0   0   0   0   0   0   0   0   0   0   0   0   0  1.32 0.20
  294 D    -3  -3   1   7  -4  -1   0  -2  -2  -4  -5  -2  -4  -5  -3  -1  -2  -5  -4  -4    0   0   5  93   0   0   0   0   0   0   0   0   0   0   0   0   0   0   0   0  1.46 0.19
  295 V    -1  -4  -4  -4   1  -3  -4  -4  -4   2   0  -3   0  -2  -4  -3  -1  -4  -2   6    0   0   0   0   3   0   0   0   0   3   0   0   0   0   0   0   0   0   0  94  0.90 0.17
  296 F    -3  -4  -4  -5  -3  -4  -4  -4  -3  -1   0  -4  -1   8  -5  -4  -3   0   2   0    0   0   0   0   0   0   0   0   0   0   5   0   0  89   0   0   0   0   0   6  1.37 0.19
  297 S     0  -2  -1  -1  -2  -1  -1  -1  -2  -3  -4  -1  -3  -4  -2   6   2  -4  -3  -3    0   0   0   0   0   0   0   0   0   0   0   0   0   0   0  92   8   0   0   0  0.96 0.19
  298 I    -3  -4  -5  -4  -2  -4  -5  -5  -5   7   0  -4   0  -1  -4  -4  -2  -4  -3   2    0   0   0   0   0   0   0   0   0 100   0   0   0   0   0   0   0   0   0   0  1.13 0.20
  299 T    -1  -2  -1  -2  -2  -1  -2  -3  -3  -2  -2  -2  -1  -3  -2   1   6  -4  -3  -1    0   0   0   0   0   1   0   0   0   1   0   1   1   0   0   2  95   0   0   0  1.10 0.20
  300 G    -1  -4  -2  -2  -4  -3  -3   7  -3  -5  -5  -3  -4  -4  -3  -1  -3  -4  -4  -4    0   0   0   0   0   0   0 100   0   0   0   0   0   0   0   0   0   0   0   0  1.61 0.19
  301 R    -3   7  -2  -3  -5   0  -1  -4  -1  -4  -4   1  -3  -4  -3  -2  -2  -4  -3  -4    0 100   0   0   0   0   0   0   0   0   0   0   0   0   0   0   0   0   0   0  1.54 0.22
  302 G    -1  -4  -2  -2  -4  -3  -3   7  -3  -5  -5  -3  -4  -4  -3  -1  -3  -4  -4  -4    0   0   0   0   0   0   0 100   0   0   0   0   0   0   0   0   0   0   0   0  1.62 0.19
  303 T    -1  -2  -1  -2  -2  -2  -2  -3  -3  -2  -2  -2  -2  -3  -2   0   7  -4  -3  -1    0   0   0   0   0   0   0   0   0   0   0   0   0   0   0   0 100   0   0   0  1.22 0.22
  304 V    -1  -4  -4  -4  -2  -3  -4  -4  -4   2   0  -3   0  -2  -4  -3  -1  -4  -2   6    0   0   0   0   0   0   0   0   0   0   0   0   0   0   0   0   0   0   0 100  1.01 0.19
  305 A     6  -3  -3  -3  -1  -2  -2  -1  -3  -2  -3  -2  -2  -3  -2   0  -1  -4  -3  -1   97   0   0   0   0   0   0   0   0   0   0   0   0   0   0   1   1   0   0   1  0.93 0.18
  306 T    -1  -2  -1  -2  -2  -2  -2  -3  -3  -2  -2  -2  -2  -3  -2   0   7  -4  -3  -1    0   0   0   0   0   0   0   0   0   0   0   0   0   0   0   1  99   0   0   0  1.21 0.22
  307 G    -1  -4  -2  -2  -4  -3  -3   7  -3  -5  -5  -3  -4  -4  -3  -1  -3  -4  -4  -4    0   0   0   0   0   0   0 100   0   0   0   0   0   0   0   0   0   0   0   0  1.62 0.19
  308 R    -3   7  -2  -3  -5   0  -1  -4  -1  -4  -3   1  -3  -4  -3  -2  -2  -4  -3  -4    0  98   0   0   0   0   0   0   0   0   1   1   0   0   0   0   0   0   0   0  1.48 0.21
  309 V    -2  -4  -4  -4  -2  -3  -4  -4  -4   5   0  -3   0  -1  -4  -3  -1  -4  -2   4    0   0   0   0   0   0   0   0   0  50   0   0   0   0   0   0   0   0   0  50  0.75 0.14
  310 E    -2  -1  -1   1  -5   1   7  -3  -1  -5  -4   0  -3  -5  -2  -1  -2  -4  -3  -4    0   0   0   1   0   0  99   0   0   0   0   0   0   0   0   0   0   0   0   0  1.38 0.21
  311 R    -3   7  -2  -3  -5   0  -1  -4  -1  -4  -3   1  -3  -4  -3  -2  -2  -4  -3  -4    0  99   0   0   0   0   0   0   0   0   0   0   0   0   0   0   0   0   0   0  1.52 0.22
  312 G    -1  -4  -2  -2  -4  -3  -3   7  -3  -5  -5  -3  -4  -4  -3  -1  -3  -4  -4  -4    0   0   0   0   0   0   0  99   0   0   0   0   0   0   0   0   0   0   0   0  1.60 0.19
  313 T    -1   0  -1  -2   0   0  -1  -2  -2   1  -1   2   0  -2  -2   0   3  -3  -2   1    2   2   0   0   1   3   1   0   0  13   1  24   1   0   0   5  35   0   0  10  0.23 0.08
  314 V    -1  -4  -4  -4  -2  -3  -4  -4  -4   4   1  -3   0  -1  -3  -3  -1  -4  -2   4    0   0   0   0   0   0   0   0   0  39   8   0   0   0   0   0   0   0   0  52  0.65 0.12
  315 K    -2   2  -1  -2  -4   0   0  -3  -1  -4  -4   6  -2  -4  -2  -1  -1  -4  -3  -3    0   8   1   0   0   1   1   0   0   0   0  86   0   0   0   0   1   0   0   0  0.96 0.17
  316 V    -1  -3  -3  -4  -2  -3  -3  -4  -4   3   0  -3   0  -2  -3  -2   0  -4  -2   5    0   0   0   0   0   0   0   0   0  15   3   0   0   0   0   0   3   0   0  76  0.68 0.14
  317 G    -1  -3   0  -2  -3  -2  -3   6  -3  -5  -5  -2  -4  -4  -3  -1  -2  -4  -4  -4    0   0   4   0   0   1   0  91   0   0   0   0   0   0   0   1   0   0   0   1  1.35 0.16
  318 E    -2  -2   0   5  -4   0   5  -3  -1  -4  -4  -1  -3  -4  -2  -1  -2  -4  -3  -4    1   0   0  48   0   1  48   0   0   0   0   0   0   0   0   0   1   0   0   0  0.99 0.15
  319 T    -1  -2   2  -1  -2  -1   0  -2  -2  -1  -2  -1  -2  -3  -1   2   5  -4  -3   0    0   0  10   0   0   2   4   0   0   2   0   0   0   0   2  13  62   0   0   4  0.54 0.13
  320 V    -1  -4  -4  -4  -2  -3  -4  -4  -4   4   0  -3   0  -2  -3  -3  -1  -4  -2   5    0   0   0   0   0   0   0   0   0  25   1   0   0   0   0   0   0   0   0  74  0.78 0.15
  321 D    -2  -1  -1   4  -5   1   6  -3  -1  -4  -4   0  -3  -4  -2  -1  -2  -4  -3  -4    1   0   0  23   0   2  74   0   0   0   0   0   0   0   0   0   0   0   0   0  1.06 0.17
  322 L    -2  -4  -4  -4  -2  -3  -4  -5  -4   5   3  -3   1  -1  -4  -3  -2  -3  -2   2    0   0   0   0   0   0   0   0   0  60  36   0   1   0   0   0   0   0   0   3  0.69 0.13
  323 V    -1  -4  -4  -4  -2  -3  -4  -4  -4   3   0  -3   0  -2  -4  -3  -1  -4  -2   6    0   0   0   0   0   0   0   0   0  11   0   0   0   0   0   0   0   0   0  89  0.88 0.17
  324 G    -1  -4  -2  -2  -4  -3  -3   7  -3  -5  -5  -3  -4  -4  -3  -1  -3  -4  -4  -4    0   0   0   0   0   0   0 100   0   0   0   0   0   0   0   0   0   0   0   0  1.62 0.19
  325 L    -2  -3  -4  -4  -2  -3  -4  -4  -4   3   4  -3   1   0  -4  -3  -2  -3  -2   1    0   0   0   0   0   0   0   0   0  27  64   0   1   2   0   0   0   0   0   6  0.61 0.11
  326 R    -1   4  -1  -2  -3   1   0   0  -1  -3  -3   4  -2  -4  -2  -1  -1  -4  -3  -3    3  35   1   0   0   5   3   8   1   0   0  40   0   0   0   1   3   0   0   1  0.55 0.10
  327 E    -1  -2   1   5  -4   0   4  -2  -1  -4  -4   0  -3  -4   0  -1  -1  -4  -3  -3    3   0   6  41   0   1  40   0   0   0   0   2   0   0   4   1   2   0   0   0  0.75 0.12
  328 T    -1  -2  -1  -2  -2  -2  -2  -3  -3  -2  -2  -2  -2  -3  -2   0   7  -4  -3  -1    0   0   0   0   0   0   0   0   0   1   0   0   0   0   0   0  98   0   0   0  1.18 0.21
  329 R    -2   6  -1  -2  -4   2  -1  -3  -1  -4  -3   3  -2  -4  -2  -1  -1  -4  -3  -3    1  64   0   0   0   8   0   0   0   0   0  23   0   0   0   1   3   0   0   0  0.90 0.14
  330 S     0  -1   3   0  -2   0   0  -1  -1  -2  -2   0  -2  -3  -2   3   3  -4  -2  -1    3   0  23   0   0   2   6   0   0   0   1   5   0   0   0  26  31   0   0   2  0.39 0.09
  331 Y     0  -2  -1  -2  -1  -2  -2  -3  -3  -1  -2  -2  -1  -3  -2   1   6  -3  -2   0    5   0   0   0   1   0   0   0   0   1   0   0   1   0   0   4  83   0   1   3  0.84 0.17
  332 T    -1  -2  -1  -2  -2  -2  -2  -3  -3   0  -2  -2  -2  -3  -2   0   6  -4  -3   0    1   0   0   0   0   0   0   0   0   3   0   0   0   0   0   0  91   0   0   5  1.00 0.19
  333 V    -1  -4  -4  -4  -1  -3  -4  -4  -4   3   0  -3   0  -2  -3  -3  -1  -4  -2   5    0   0   0   0   1   0   0   0   0  18   0   0   0   0   0   0   0   0   0  81  0.81 0.15
  334 T    -1  -2  -1  -2  -2  -2  -2  -3  -3   0  -2  -2  -2  -3  -2   0   6  -4  -3  -1    0   0   0   0   0   0   0   0   0   6   0   0   0   0   0   0  94   0   0   0  1.08 0.20
  335 G    -1  -4  -2  -2  -4  -3  -3   7  -3  -5  -5  -3  -4  -4  -3  -1  -3  -4  -4  -4    0   0   0   0   0   0   0  99   0   0   0   0   0   0   0   1   0   0   0   0  1.60 0.19
  336 V    -1  -3  -4  -4  -1  -3  -4  -4  -4   3   3  -3   1  -1  -3  -3  -1  -3  -2   4    0   0   0   0   1   0   0   0   0  18  40   0   0   0   0   0   0   0   0  41  0.53 0.10
  337 E    -2  -1  -1   0  -5   1   7  -3  -1  -5  -4   0  -3  -5  -2  -1  -2  -4  -3  -4    0   0   0   0   0   0 100   0   0   0   0   0   0   0   0   0   0   0   0   0  1.40 0.21
  338 M    -2  -3  -4  -5  -3  -2  -4  -4  -3   0   1  -3   9  -1  -4  -3  -2  -3  -3  -1    0   0   0   0   0   0   0   0   0   0   0   0 100   0   0   0   0   0   0   0  1.70 0.27
  339 F    -4  -4  -4  -5  -4  -5  -5  -5  -3  -1  -1  -5  -1   8  -5  -4  -3   0   2  -2    0   0   0   0   0   0   0   0   0   0   0   0   0 100   0   0   0   0   0   0  1.70 0.22
  340 Q    -2   1  -1  -2  -4   7   1  -3  -1  -4  -3   3  -1  -4  -2  -1  -2  -3  -3  -3    0   4   0   0   0  80   0   0   0   0   0  16   0   0   0   0   0   0   0   0  1.15 0.20
  341 K    -2   1  -1  -2  -4   1   0  -3  -2  -4  -4   7  -3  -4  -2  -1  -2  -4  -3  -4    0   1   0   0   0   1   0   0   0   0   0  98   0   0   0   0   0   0   0   0  1.19 0.20
  342 I    -1  -2  -1  -2  -2  -1  -1  -3  -3   2   0  -2  -1  -2  -2   2   5  -3  -2   0    0   0   0   0   0   1   1   0   0  19   5   0   1   0   0  17  56   0   0   1  0.47 0.12
  343 L    -3  -3  -5  -5  -2  -3  -4  -5  -4   1   5  -4   2  -1  -4  -4  -2  -3  -2   0    0   0   0   0   0   0   0   0   0   0  99   0   1   0   0   0   0   0   0   0  0.96 0.16
  344 D    -2  -2   0   6  -5   0   3  -3  -2  -4  -5  -1  -4  -5  -2  -1  -2  -5  -4  -4    0   0   0  75   0   1  23   0   0   0   0   0   0   0   0   0   0   0   0   0  1.21 0.17
  345 E    -2  -1  -1   2  -5   2   6  -3  -1  -4  -4   0  -3  -4  -2  -1  -2  -4  -3  -3    0   0   0   8   0   5  83   0   0   0   0   3   0   0   0   1   0   0   0   0  1.07 0.17
  346 A     3  -2  -1  -2  -2  -2  -2   4  -2  -3  -3  -2  -2  -3  -2   2   0  -3  -3  -2   32   0   0   0   0   0   0  43   0   0   0   0   0   0   0  19   6   0   0   0  0.59 0.10
  347 L    -2  -2  -3  -4  -2  -1  -3  -4  -3   2   2  -2   6   2  -3  -3  -2  -2  -1   2    0   1   0   0   0   1   0   0   0   7  21   0  42   8   0   0   0   0   1  18  0.51 0.12
  348 A     6  -3  -3  -3  -2  -2  -2  -1  -3  -2  -3  -2  -2  -3  -2   0  -1  -4  -3  -1  100   0   0   0   0   0   0   0   0   0   0   0   0   0   0   0   0   0   0   0  1.00 0.19
  349 G    -1  -3  -1  -2  -4  -3  -3   7  -3  -5  -5  -3  -4  -4  -3  -1  -3  -4  -4  -4    0   0   0   0   0   0   0  98   0   0   0   0   0   0   0   0   0   0   0   0  1.56 0.18
  350 D    -3  -3   0   7  -5  -1   1  -3  -2  -4  -5  -2  -4  -5  -3  -1  -2  -6  -4  -4    0   0   0  98   0   0   2   0   0   0   0   0   0   0   0   0   0   0   0   0  1.61 0.21
  351 N    -3  -2   8   0  -4  -1  -2  -2  -1  -5  -5  -1  -4  -4  -3  -1  -1  -5  -3  -4    0   0  99   0   0   1   0   0   0   0   0   0   0   0   0   0   0   0   0   0  1.57 0.23
  352 V     1  -3  -4  -4   0  -3  -3  -4  -4   3   0  -3   0  -2  -3  -2  -1  -4  -2   5   10   0   0   0   2   0   0   0   0  11   0   0   0   0   0   0   0   0   0  77  0.66 0.14
  353 G    -1  -4  -2  -2  -4  -3  -3   7  -3  -5  -5  -3  -4  -4  -3  -1  -3  -4  -4  -4    0   0   0   0   0   0   0 100   0   0   0   0   0   0   0   0   0   0   0   0  1.62 0.19
  354 L    -2  -3  -4  -4  -2  -3  -4  -4  -4   4   3  -3   1  -1  -3  -3  -1  -3  -2   3    0   0   0   0   0   0   0   0   0  34  39   0   2   0   0   0   0   0   0  25  0.54 0.10
  355 L    -3  -3  -5  -5  -2  -3  -4  -5  -4   1   5  -4   1  -1  -4  -4  -2  -3  -2   0    0   0   0   0   0   0   0   0   0   0 100   0   0   0   0   0   0   0   0   0  0.98 0.17
  356 L    -2  -3  -4  -5  -2  -3  -4  -5  -4   1   5  -4   1  -1  -4  -3  -2  -3  -2   0    0   0   0   0   0   0   0   0   0   1  97   0   1   0   0   0   0   0   0   2  0.92 0.16
  357 R    -3   7  -2  -3  -5   0  -1  -4  -1  -4  -4   1  -3  -4  -3  -2  -2  -4  -3  -4    0 100   0   0   0   0   0   0   0   0   0   0   0   0   0   0   0   0   0   0  1.54 0.22
  358 G    -1  -3  -1  -2  -4  -3  -3   7  -3  -5  -5  -3  -4  -4  -3  -1  -3  -4  -4  -4    0   0   0   0   0   0   0  98   0   0   0   0   0   0   0   2   0   0   0   0  1.57 0.18
  359 I    -1  -4  -4  -4  -2  -3  -4  -4  -4   5   1  -3   1  -1  -3  -3  -1  -3  -2   4    1   0   0   0   0   0   0   0   0  55   5   0   3   0   0   0   1   0   0  35  0.64 0.12
  360 Q    -2   0  -1  -1  -4   7   1  -3  -1  -4  -3   1  -2  -4  -1  -1   0  -3  -3  -3    1   0   1   1   0  83   3   0   0   0   0   5   0   0   2   0   5   0   0   0  1.10 0.20
  361 K    -2   2  -1  -2  -4   0   0  -3  -2  -4  -4   6  -3  -4  -2  -1  -2  -4  -3  -4    0   6   0   0   0   0   0   0   0   0   0  94   0   0   0   0   0   0   0   0  1.14 0.19
  362 A     1  -1   1   2  -2   0   2  -1  -1   0  -2   1  -1  -3  -2   0   2  -3  -2  -1   15   0   6  12   0   2  22   2   1   7   1  10   1   0   0   0  17   0   0   3  0.19 0.05
  363 D    -3  -2   1   7  -5   0   2  -2  -2  -4  -5  -1  -4  -5  -2  -1  -2  -5  -4  -4    0   0   4  78   0   3  13   1   0   0   0   0   0   0   0   0   0   0   0   0  1.19 0.16
  364 I    -2  -4  -4  -4  -2  -4  -4  -5  -4   6   1  -4   0  -1  -4  -3  -2  -4  -2   2    0   0   0   0   0   0   0   0   0  92   1   0   0   0   0   0   0   0   0   7  1.01 0.18
  365 Q    -2  -1  -1   0  -4   5   5  -3  -1  -4  -3   0  -2  -4  -2  -1  -2  -4  -3  -3    0   0   0   1   0  41  57   0   0   0   1   0   0   0   0   0   1   0   0   0  0.99 0.17
  366 R    -2   7  -2  -3  -5   0  -1  -4  -1  -4  -3   1  -3  -4  -3  -2  -2  -4  -3  -4    1  99   0   0   0   0   0   0   0   0   0   0   0   0   0   0   0   0   0   0  1.51 0.21
  367 G    -1  -4  -2  -2  -4  -3  -3   7  -3  -5  -5  -3  -4  -4  -3  -1  -3  -4  -4  -4    0   0   0   0   0   0   0 100   0   0   0   0   0   0   0   0   0   0   0   0  1.62 0.19
  368 M    -2  -3  -4  -5  -3  -2  -4  -4  -3   0   1  -3   9  -1  -4  -3  -2  -3  -3  -1    0   0   0   0   0   0   0   0   0   0   0   0 100   0   0   0   0   0   0   0  1.70 0.27
  369 V    -1  -4  -4  -4  -1  -3  -4  -4  -4   2   0  -3   0  -2  -4  -3  -1  -4  -2   6    0   0   0   0   0   0   0   0   0   0   0   0   0   0   0   0   0   0   0 100  1.00 0.19
  370 L    -2  -3  -4  -5  -2  -3  -4  -5  -4   3   5  -3   1   0  -4  -3  -2  -3  -2   1    0   0   0   0   0   0   0   0   0  17  80   0   1   0   0   0   0   0   0   2  0.75 0.13
  371 A     5  -2  -2  -3  -1  -2  -2  -1  -3  -2  -2  -2  -2  -3  -2   1  -1  -4  -3  -1   89   0   0   0   0   0   0   0   0   0   0   0   0   0   0   8   0   0   0   3  0.81 0.16
  372 K    -1   1  -1  -2  -4   2   0  -3  -1  -4  -3   6  -2  -4  -2  -1  -2  -4  -3  -3    3   0   1   0   0   9   3   0   1   0   0  82   0   0   0   1   0   0   0   0  0.89 0.16
  373 P    -2  -3  -3  -3  -4  -3  -2  -4  -4  -4  -4  -2  -4  -5   8  -2  -2  -5  -4  -4    0   0   0   0   0   0   0   0   0   0   0   0   0   0  98   0   1   0   0   0  2.49 0.23
  374 G    -1  -2   0  -2  -4  -2  -3   6  -3  -5  -5  -1  -4  -4  -3  -1  -2  -4  -4  -4    2   1   3   0   0   0   0  90   0   0   0   3   0   0   0   1   0   0   0   0  1.31 0.16
  375 S     0  -2  -1  -2  -2  -1  -1  -2  -2  -2  -3  -1  -2  -3  -2   4   5  -4  -3  -2    1   0   0   0   0   0   0   0   0   0   0   0   0   0   0  49  49   0   0   0  0.74 0.16
  376 I    -2  -4  -4  -4  -2  -4  -4  -5  -4   7   1  -4   0  -1  -4  -4  -2  -4  -2   2    0   0   0   0   0   0   0   0   0  97   2   0   1   0   0   0   0   0   0   0  1.08 0.19
  377 T    -1  -2   0  -2  -2   0  -2  -3  -2  -2  -2   1  -1  -3  -2   1   6  -4  -3  -1    0   0   3   0   0   3   0   0   0   0   1   9   1   0   0   2  80   0   0   0  0.79 0.17
  378 P    -2  -4  -3  -3  -4  -3  -2  -3  -4  -4  -4  -2  -4  -5   8  -2  -2  -5  -4  -4    1   0   0   0   0   0   0   0   0   0   0   0   0   0  99   0   0   0   0   0  2.53 0.24
  379 H    -3  -2  -1  -3  -5  -1  -2  -4  10  -5  -4  -2  -3  -2  -4  -2  -3  -2   1  -5    0   0   0   0   0   0   0   0  98   0   0   0   0   1   0   0   0   0   1   0  2.11 0.26
  380 T    -1  -1  -1  -2  -2  -1  -2  -3  -3  -1  -2   0  -1  -3  -2   1   6  -4  -3  -1    0   1   1   0   0   1   0   0   0   1   0   5   0   0   0   4  85   0   0   1  0.87 0.18
  381 K    -1   2   1  -1  -3   3   1  -2   0  -3  -3   5  -2  -4  -2   0  -1  -4  -2  -3    0   5   5   1   0  16   9   0   1   1   1  56   0   0   0   4   1   0   0   1  0.56 0.11
  382 F    -4  -4  -4  -5  -4  -5  -5  -5  -3  -1  -1  -4  -1   8  -5  -4  -3   0   2  -2    0   0   0   0   0   0   0   0   0   0   0   0   1  99   0   0   0   0   0   0  1.68 0.22
  383 E    -1  -1  -1   1  -4   1   6  -3  -1  -4  -3   0  -2  -4  -2   1  -1  -3  -3  -2    0   1   1   4   0   2  76   0   0   0   1   3   0   0   0  10   1   0   0   2  0.85 0.15
  384 A     4  -2  -2  -2  -1  -2  -2   2  -2  -3  -3  -2  -2  -3  -2   2  -1  -3  -3  -2   61   0   0   0   0   0   0  15   0   0   0   0   0   0   0  23   0   0   0   0  0.58 0.12
  385 I    -2  -1  -1   0  -4   4   4  -3  -1   2  -1   0  -1  -3  -2  -1  -2  -3  -3  -1    0   0   0   0   0  30  45   0   0  21   2   0   0   0   0   1   0   0   0   2  0.56 0.13
  386 I    -1  -4  -4  -4  -2  -3  -4  -4  -4   2   0  -3   0  -2  -4  -3  -1  -4  -2   6    0   0   0   0   0   0   0   0   0   2   0   0   0   0   0   0   0   0   0  98  0.98 0.18
  387 Y    -3  -3  -4  -5  -4  -3  -4  -5   0  -3  -3  -3  -2   2  -4  -3  -3   1   9  -3    0   0   0   0   0   0   0   0   0   0   0   0   0   0   0   0   0   0 100   0  1.95 0.25
  388 V    -1  -4  -4  -4  -2  -3  -4  -4  -4   4   0  -3   0  -1  -3  -3  -1  -4  -2   5    0   0   0   0   0   0   0   0   0  29   0   0   0   0   0   0   0   0   0  70  0.77 0.14
  389 L    -3  -3  -5  -5  -2  -3  -4  -5  -4   1   5  -4   1  -1  -4  -4  -2  -3  -2   0    0   0   0   0   0   0   0   0   0   0 100   0   0   0   0   0   0   0   0   0  0.98 0.17
  390 K    -1   0   0  -2  -3   0  -1  -2  -2  -3  -3   4  -2  -4  -2   0   4  -4  -3  -2    0   0   3   0   0   1   0   1   0   0   0  49   0   0   0   1  45   0   0   0  0.61 0.14
  391 K    -2   1  -1  -1  -4   1   1  -3  -1  -4  -4   6  -3  -4  -2  -1  -2  -4  -3  -3    0   0   1   2   0   1   8   0   0   0   0  87   0   0   0   0   0   0   0   0  0.97 0.17
  392 E    -2  -1   0   2  -5   1   6  -3  -1  -4  -4   1  -3  -4  -2  -1  -2  -4  -3  -4    0   0   2   8   0   0  78   0   0   0   0   9   0   0   0   1   1   0   0   0  0.98 0.16
  393 E    -2  -1  -1   0  -5   1   7  -3  -1  -5  -4   0  -3  -5  -2  -1  -2  -4  -3  -4    0   0   0   0   0   0 100   0   0   0   0   0   0   0   0   0   0   0   0   0  1.40 0.21
  394 G    -1  -4  -2  -2  -4  -3  -3   7  -3  -5  -5  -3  -4  -4  -3  -1  -3  -4  -4  -4    0   0   0   0   0   0   0 100   0   0   0   0   0   0   0   0   0   0   0   0  1.62 0.19
  395 G    -1  -4  -2  -2  -4  -3  -3   7  -3  -5  -5  -3  -4  -4  -3  -1  -3  -4  -4  -4    0   0   0   0   0   0   0 100   0   0   0   0   0   0   0   0   0   0   0   0  1.62 0.19
  396 R    -3   7  -2  -3  -5   0  -1  -4  -1  -4  -4   1  -3  -4  -3  -2  -2  -4  -3  -4    0 100   0   0   0   0   0   0   0   0   0   0   0   0   0   0   0   0   0   0  1.54 0.22
  397 H    -3   0  -1  -2  -4  -1  -1  -3   9  -5  -4   1  -3  -3  -3  -2  -3  -4   0  -4    0   2   0   0   0   0   0   0  86   0   0  10   0   0   0   1   0   0   0   0  1.70 0.23
  398 S    -1  -2  -1  -2  -2  -1  -2  -2  -2  -2  -3  -1  -2  -3  -2   3   5  -4  -3  -1    0   0   0   0   0   0   0   0   0   0   0   1   0   0   0  32  67   0   0   0  0.80 0.16
  399 P    -1  -3  -3  -3  -4  -2  -2  -3  -3  -4  -4  -2  -4  -5   8   0  -2  -5  -4  -4    3   0   0   0   0   0   0   0   0   0   0   0   0   0  90   6   0   0   0   0  2.19 0.21
  400 F    -4  -4  -4  -5  -4  -5  -5  -5  -3  -1  -1  -5  -1   8  -5  -4  -3   0   2  -2    0   0   0   0   0   0   0   0   0   0   0   0   0 100   0   0   0   0   0   0  1.69 0.22
  401 F    -3  -4  -4  -5  -4  -4  -4  -4  -3  -1   0  -4  -1   8  -5  -4  -3   0   2  -1    0   0   0   0   0   0   0   0   0   1   6   0   0  92   0   0   0   0   0   2  1.44 0.20
  402 A     3  -2  -2  -2   0  -1  -1  -1  -2  -1  -2   0  -2  -3   4   1   1  -3  -3  -1   36   0   0   0   2   1   2   0   0   2   0   6   0   0  23  13  11   0   0   3  0.45 0.08
  403 G    -1  -3   1  -2  -4  -3  -3   6  -3  -5  -5  -2  -4  -4  -3  -1  -3  -4  -4  -4    0   0   6   0   0   0   0  94   0   0   0   0   0   0   0   0   0   0   0   0  1.45 0.17
  404 Y    -3  -3  -4  -5  -4  -3  -4  -5   0  -3  -3  -3  -2   2  -4  -3  -3   1   9  -3    0   0   0   0   0   0   0   0   0   0   0   0   0   0   0   0   0   0 100   0  1.95 0.25
  405 R    -2   7  -2  -3  -5   1  -1  -3  -1  -4  -3   2  -2  -4  -3  -1  -2  -4  -3  -4    0  90   0   0   0   5   0   0   0   0   0   4   0   0   0   1   0   0   0   0  1.29 0.19
  406 P    -2  -4  -3  -3  -4  -3  -3  -4  -4  -4  -4  -2  -4  -5   8  -2  -2  -5  -4  -4    0   0   0   0   0   0   0   0   0   0   0   0   0   0 100   0   0   0   0   0  2.59 0.24
  407 Q    -2   0  -1  -2  -4   8   1  -3  -1  -4  -4   0  -2  -5  -3  -1  -2  -3  -3  -4    0   0   0   0   0  99   0   0   0   1   0   0   0   0   0   0   0   0   0   0  1.54 0.25
  408 F    -4  -4  -4  -5  -4  -5  -5  -5  -3  -1  -1  -5  -1   8  -5  -4  -3   0   2  -2    0   0   0   0   0   0   0   0   0   0   0   0   0 100   0   0   0   0   0   0  1.69 0.22
  409 Y    -3  -3  -4  -5  -4  -3  -4  -5   0  -3  -2  -3  -2   3  -4  -3  -3   1   9  -3    0   0   0   0   0   0   0   0   0   0   0   0   0   4   0   0   0   0  96   0  1.84 0.24
  410 M    -1  -3  -4  -4  -2  -3  -3  -4  -4   2   1  -3   5  -1  -3  -3  -1  -3  -2   5    1   0   0   0   0   0   0   0   0   3   1   0  27   0   0   0   0   0   0  67  0.72 0.15
  411 R    -3   7  -2  -3  -5   0  -1  -4  -1  -4  -3   1  -3  -4  -3  -2  -2  -4  -3  -4    0  99   0   0   0   0   0   0   0   1   0   0   0   0   0   0   0   0   0   0  1.51 0.22
  412 T    -1  -2  -1  -2  -2  -2  -2  -3  -3  -2  -3  -2  -2  -3  -2   0   7  -4  -3  -1    0   0   0   0   0   0   0   0   0   0   0   0   0   0   0   0 100   0   0   0  1.23 0.22
  413 T    -1  -2  -1  -2  -2  -2  -2  -3  -3  -2  -2  -2  -2  -3  -2   0   7  -4  -3  -1    1   0   0   0   0   0   0   0   0   0   0   0   0   0   0   0  99   0   0   0  1.21 0.22
  414 D    -3  -3   0   7  -5  -2   0  -3  -2  -5  -5  -2  -4  -5  -3  -1  -2  -6  -4  -5    0   0   0 100   0   0   0   0   0   0   0   0   0   0   0   0   0   0   0   0  1.67 0.21
  415 V    -1  -4  -4  -4  -1  -3  -4  -4  -4   2   0  -3   0  -2  -4  -3  -1  -4  -2   6    0   0   0   0   1   0   0   0   0   0   0   0   0   0   0   0   0   0   0  99  0.99 0.19
  416 T    -1  -2  -1  -2  -2  -2  -2  -3  -3  -2  -3  -2  -2  -3  -2   0   7  -4  -3  -1    0   0   0   0   0   0   0   0   0   0   0   0   0   0   0   0 100   0   0   0  1.23 0.22
  417 G    -1  -4  -2  -2  -4  -3  -3   7  -3  -5  -5  -3  -4  -4  -3  -1  -3  -4  -4  -4    0   0   0   0   0   0   0 100   0   0   0   0   0   0   0   0   0   0   0   0  1.62 0.19
  418 K     0   1   0  -1  -3   1   0  -2  -2  -2  -3   4  -2  -3  -2   1   3  -3  -2  -1    4   7   4   0   0   4   1   0   0   1   0  40   0   0   0   6  31   0   0   1  0.40 0.10
  419 V    -2  -4  -4  -4  -2  -4  -4  -4  -4   6   0  -3   0  -1  -4  -3  -1  -4  -2   4    0   0   0   0   0   0   0   0   0  68   0   0   0   0   0   0   0   0   0  30  0.81 0.15
  420 T     0  -1   0   1  -2   0   2  -2  -1  -1  -2   1  -1  -3  -2   1   3  -3  -2   0    7   1   3   5   0   3  17   1   0   2   2  11   0   0   0   6  34   0   0   6  0.24 0.07
  421 K     2  -1   0   0  -2   2   0   0  -1  -3  -3   1  -2  -3  -2   3   1  -3  -2  -2   18   0   1   5   0  16   4   4   0   0   0   6   0   0   0  37   7   0   0   0  0.32 0.08
  422 I    -3  -4  -4  -4  -1  -4  -4  -4  -2   3   0  -4  -1   7  -4  -3  -3  -1   3   0    0   0   0   0   1   0   0   0   0  23   1   0   0  67   0   0   0   0   5   2  0.97 0.16
  423 M    -1   1  -1  -2  -1   0  -1  -3  -2  -1  -1   0   4  -2  -2   0   4  -1  -2  -1    0   7   1   0   1   5   2   0   0   1   1   6  19   0   0   3  51   1   0   1  0.42 0.13
  424 N     3  -2   3  -1  -2  -1  -1   0   1  -3  -3  -1  -2  -3  -2   2   1  -3  -1  -2   42   0  23   1   0   0   0   5   4   0   0   0   0   0   0  15   7   0   1   1  0.36 0.10
  425 D    -1  -3   0   7  -4  -1   1  -2  -2  -4  -5  -2  -4  -5  -3  -1  -2  -5  -4  -4    5   0   1  90   0   0   2   0   0   1   0   0   0   0   0   1   0   0   0   0  1.39 0.20
  426 K    -2   0   1   6  -4   0   2  -2  -2  -4  -4   2  -3  -4  -2  -1  -2  -5  -3  -4    1   3   3  61   0   0   8   0   0   0   0  21   0   0   0   1   0   0   0   0  0.84 0.14
  427 D    -1  -2   1   4  -4  -1   0   5  -2  -4  -4  -2  -4  -4  -3  -1  -2  -4  -4  -4    0   0   5  31   0   1   5  57   0   1   0   0   0   0   0   0   0   0   0   0  0.87 0.13
  428 E     0  -1   0   0  -3   0   3  -1   1  -3  -3   0  -2  -3  -2   3   1  -4  -2  -2    3   0   2   3   0   0  30   2   5   0   0   3   0   0   0  44   7   0   0   0  0.44 0.11
  429 E     1  -1   0   1  -3   1   4  -2  -1  -2  -3   0  -2  -3   1   1   0  -4  -3  -2   16   0   5   4   0   1  45   0   0   3   0   5   0   0   5   6   7   0   0   2  0.39 0.09
  430 S     3  -2   0  -2  -1  -1  -2  -1  -2   1  -1  -1   0  -2  -1   2   1  -3  -2   1   33   0   5   0   0   0   0   0   0   8   1   0   1   0   1  25  10   0   0  16  0.25 0.08
  431 K    -2   1   0   0  -4   3   4  -3  -1  -4  -3   4  -2  -4  -1  -1  -1  -4  -3  -3    0   4   1   0   0  13  43   0   0   0   2  33   0   0   2   1   1   0   0   0  0.64 0.13
  432 M    -3  -3  -4  -5  -3  -2  -4  -4  -3   0   1  -3   9  -2  -4  -3  -2  -3  -3  -1    0   0   0   0   0   0   0   0   0   0   1   0  98   0   0   0   0   0   0   0  1.74 0.29
  433 V     0  -4  -4  -4   0  -3  -3  -4  -4   2   0  -3   0  -2  -3  -2  -1  -4  -2   6    6   0   0   0   2   0   0   0   0   2   0   0   0   0   0   0   0   0   0  90  0.85 0.18
  434 M    -2  -3  -3  -5  -2  -2  -4  -4  -3   0   1  -3   9  -1  -4  -3  -2  -3  -2   0    1   0   1   0   1   0   0   0   0   2   2   0  91   0   0   0   0   0   0   3  1.48 0.26
  435 P    -2  -4  -3  -3  -4  -3  -3  -4  -4  -4  -4  -2  -4  -5   8  -2  -2  -5  -4  -4    0   0   0   0   0   0   0   0   0   0   0   0   0   0  98   1   0   0   0   0  2.54 0.26
  436 G    -1  -4  -2  -3  -1  -3  -3   7  -3  -5  -5  -3  -4  -4  -3  -1  -3  -4  -4  -4    0   0   0   0   2   0   0  97   0   0   0   0   0   0   0   0   0   0   0   0  1.57 0.20
  437 D    -3  -3   0   7  -5  -2   0  -3  -2  -4  -5  -2  -4  -5  -3  -2  -2  -6  -4  -5    0   0   0  99   0   0   0   0   0   0   0   0   0   0   0   0   0   0   0   0  1.69 0.23
  438 R    -3   7  -1  -3  -5   0  -1  -4  -1  -4  -3   1  -3  -4  -3  -2  -2  -4  -2  -4    0  95   1   0   0   0   0   0   0   0   0   1   0   0   0   0   0   0   1   0  1.45 0.22
  439 V    -2  -4  -4  -4  -2  -3  -4  -4  -4   5   0  -3   0  -1  -4  -3  -1  -4  -2   4    0   0   0   0   0   0   0   0   0  56   1   0   0   0   0   0   0   0   0  42  0.77 0.15
  440 K    -2   1   0  -2  -4   1   0  -3  -2  -4  -4   6  -2  -4  -2   0  -1  -4  -3  -3    0   1   5   0   0   3   1   0   0   0   0  85   0   0   0   4   2   0   0   0  0.95 0.18
  441 I    -2  -3  -4  -5  -3  -2  -4  -4  -3   1   1  -3   9  -1  -4  -3  -2  -3  -2   0    1   0   0   0   0   0   0   0   0   8   2   0  86   0   0   0   0   0   0   2  1.38 0.25
  442 V    -1  -2   0  -2  -1  -1  -1  -3  -2   1  -1  -1  -1  -2  -2   1   4  -3  -2   3    1   0   4   0   0   1   4   0   0   8   1   2   0   0   0   7  40   0   0  30  0.31 0.10
  443 V     2  -3  -3  -4  -2  -3  -3  -2  -4   1   0  -3  -1  -2  -3  -2  -1  -4  -2   5   18   0   0   0   0   0   0   2   0   1   0   0   0   0   0   0   1   0   0  77  0.64 0.16
  444 E    -2  -1  -1   1  -4   2   6  -3  -1  -4  -4   0  -3  -4  -2  -1  -1  -4  -3  -3    1   0   2   2   0   8  81   1   0   0   0   2   0   0   0   2   2   0   0   0  1.03 0.18
  445 L    -3  -3  -4  -5  -2  -3  -4  -5  -4   1   5  -4   1   0  -4  -4  -2  -3  -2   0    0   0   0   0   0   0   0   0   0   0  98   0   0   1   0   0   0   0   0   0  0.97 0.18
  446 I    -2  -4  -4  -4  -2  -4  -4  -5  -4   7   1  -4   0  -1  -4  -4  -2  -4  -3   2    0   0   0   0   0   0   0   0   0  95   2   0   0   0   0   0   0   0   0   1  1.08 0.20
  447 V    -1  -1   3  -1   1   3   0  -2   2  -1  -2  -1   2  -2  -2   0   0  -3   1   0    0   0  26   0   3  23   1   0   7   0   0   1   9   0   0   7   3   0   7  12  0.27 0.09
  448 P    -1  -3  -3  -3  -4  -2  -2  -3  -4  -4  -4  -2  -4  -5   8  -2  -2  -5  -4  -4    4   0   0   0   0   0   0   0   0   0   1   0   0   0  93   0   0   0   0   0  2.32 0.24
  449 V    -2  -4  -4  -4  -2  -4  -4  -5  -4   5   0  -4   0  -1  -4  -3  -1  -4  -2   4    0   0   0   0   0   0   0   0   0  64   0   0   0   0   0   0   0   0   0  35  0.80 0.16
  450 A     6  -3  -3  -3  -2  -2  -2  -1  -3  -3  -3  -2  -2  -3  -2   0  -1  -4  -3  -1   99   0   0   0   0   0   0   0   0   0   0   0   0   0   0   0   0   0   0   0  1.01 0.20
  451 C    -2  -4  -4  -4   6  -4  -4  -4  -4   6   0  -4   0  -2  -4  -3  -2  -4  -3   2    0   0   0   0  24   0   0   0   0  70   0   0   1   0   0   0   0   0   0   4  0.91 0.17
  452 E    -2  -1  -2   0  -5   1   7  -3  -1  -5  -4   0  -3  -5  -2  -1  -2  -4  -3  -4    0   0   0   0   0   0  99   0   0   0   0   0   0   0   0   0   0   0   0   0  1.41 0.23
  453 Q    -1   1   1   0  -2   5   2  -2  -1  -4  -3   3  -2  -4  -2  -1  -1  -2  -3  -3    1   2   8   3   1  52   7   0   0   0   0  23   0   0   0   1   1   0   0   0  0.68 0.14
  454 G    -1  -2   0  -2  -4  -1  -2   6  -3  -5  -4  -1  -3  -4  -3  -1  -2  -3  -4  -4    0   2   3   0   0   2   2  85   0   0   0   3   0   0   0   1   1   0   0   0  1.20 0.16
  455 M    -2  -3  -4  -5  -3  -2  -3  -4  -3   0   1  -3   9  -1  -4  -3  -2  -3  -3  -1    0   0   0   0   0   0   0   0   0   0   0   0  97   0   0   0   0   0   0   0  1.67 0.28
  456 R    -3   7  -2  -3  -5   0  -1  -4  -1  -4  -3   1  -3  -4  -3  -2  -2  -4  -3  -4    0  98   0   0   0   0   0   0   0   0   0   0   0   0   0   0   0   0   0   0  1.50 0.22
  457 F    -3  -4  -4  -5  -4  -4  -4  -4  -3  -1  -1  -4  -1   8  -5  -4  -3   0   2  -2    0   0   0   0   0   0   0   0   0   0   0   0   0  98   0   0   0   0   0   0  1.68 0.23
  458 A     6  -3  -3  -3  -2  -2  -2  -1  -3  -2  -3  -2  -2  -3  -2   0  -1  -4  -3  -1   97   0   0   0   0   0   0   0   0   0   0   0   0   0   0   0   0   0   0   1  0.97 0.19
  459 I    -2  -4  -4  -4  -2  -4  -4  -5  -4   7   0  -4   1  -1  -4  -3  -2  -4  -2   2    0   0   0   0   0   0   0   0   0  96   0   0   2   0   0   0   0   0   0   0  1.08 0.20
  460 R    -3   7  -2  -3  -5   0  -1  -4  -2  -4  -3   1  -3  -4  -3  -2  -1  -4  -3  -4    0  96   0   0   0   0   0   0   0   0   0   0   0   0   0   0   2   0   0   0  1.45 0.22
  461 E    -2  -1  -2   0  -5   1   7  -4  -1  -5  -4   0  -3  -5  -2  -1  -2  -4  -3  -4    0   0   0   0   0   0 100   0   0   0   0   0   0   0   0   0   0   0   0   0  1.45 0.23
  462 G    -1  -4  -2  -3  -4  -3  -3   7  -3  -5  -5  -3  -4  -4  -3  -1  -3  -4  -4  -4    0   0   0   0   0   0   0  99   0   0   0   0   0   0   0   1   0   0   0   0  1.63 0.20
  463 G    -1  -3  -1  -2  -4  -3  -3   7  -3  -5  -5  -2  -4  -4  -3  -1  -3  -4  -4  -4    0   0   1   0   0   0   0  97   0   0   0   1   0   0   0   1   0   0   0   0  1.55 0.20
  464 K    -2   6  -1  -2  -3   0  -1  -3  -1  -4  -3   4  -2  -4  -3  -2  -2  -4  -3  -4    0  68   0   0   1   0   0   0   0   0   0  31   0   0   0   0   0   0   0   0  1.10 0.18
  465 T    -1  -2  -1  -2  -2  -2  -2  -3  -3  -2  -3  -2  -2  -4  -2   0   7  -4  -3  -1    0   0   0   0   0   0   0   0   0   0   0   0   0   0   0   0 100   0   0   0  1.28 0.24
  466 V    -1  -4  -4  -4  -2  -3  -4  -4  -4   4   0  -3   0  -2  -4  -3  -1  -4  -2   5    0   0   0   0   0   0   0   0   0  28   0   0   0   0   0   0   0   0   0  72  0.81 0.16
  467 G    -1  -4  -2  -3  -4  -3  -3   7  -3  -5  -5  -3  -4  -4  -3  -1  -3  -4  -4  -4    0   0   0   0   0   0   0 100   0   0   0   0   0   0   0   0   0   0   0   0  1.66 0.20
  468 A     6  -3  -3  -3  -2  -2  -2  -1  -3  -3  -3  -2  -2  -3  -2   0  -1  -4  -3  -1   97   0   0   0   0   0   0   0   0   0   0   0   0   0   0   3   0   0   0   0  0.99 0.20
  469 G    -1  -4  -2  -3  -4  -3  -3   7  -3  -5  -5  -3  -4  -4  -3  -1  -3  -4  -4  -4    0   0   0   0   0   0   0 100   0   0   0   0   0   0   0   0   0   0   0   0  1.66 0.20
  470 V    -1  -4  -4  -4  -2  -3  -4  -4  -4   2   0  -3   0  -2  -4  -3  -1  -4  -2   6    1   0   0   0   0   0   0   0   0   5   1   0   1   1   0   1   0   0   0  91  0.90 0.18
  471 I    -1  -4  -4  -4  -2  -3  -4  -4  -4   4   0  -3   0  -2  -4  -3  -1  -4  -2   5    0   0   0   0   0   0   0   0   0  29   0   0   0   0   0   0   0   0   0  71  0.80 0.16
  472 G     0  -1   0  -1  -2   3  -1  -1  -2  -3  -2  -1  -2  -3  -2   4   1  -3  -3  -2    4   0   2   1   0  22   0   3   0   1   3   0   0   0   0  57   7   0   0   1  0.49 0.13
  473 T     0   1   1  -1  -3   0   1  -2  -1  -3  -3   4  -2  -4  -2   2   0  -4  -3  -2    7   1   6   0   0   1   6   0   1   0   1  49   0   0   0  20   6   0   0   1  0.42 0.11
  474 I    -3  -4  -5  -4  -2  -4  -5  -5  -5   7   1  -4   0  -1  -4  -4  -2  -4  -3   2    0   0   0   0   0   0   0   0   0  96   1   0   0   0   0   0   0   0   0   3  1.12 0.20
  475 L    -2  -3  -4  -4  -2  -3  -4  -4  -4   4   3  -3   1   0  -4  -3  -1  -3  -2   2    0   0   0   0   0   0   0   0   0  40  40   0   2   2   0   0   1   0   0  15  0.55 0.10
  476 E    -2   0  -1   2  -4   2   4  -3  -1  -4  -4   4  -3  -4  -2  -1  -2  -4  -3  -3    0   0   0   7   0   7  48   0   0   0   0  37   0   0   0   0   0   0   0   0  0.73 0.13

                      K         Lambda
Standard Ungapped    0.1331     0.3161
Standard Gapped      0.0522     0.2670
PSI Ungapped         0.1704     0.3174
PSI Gapped           0.0522     0.2670
