
Last position-specific scoring matrix computed, weighted observed percentages rounded down, information per position, and relative weight of gapless real matches to pseudocounts
            A   R   N   D   C   Q   E   G   H   I   L   K   M   F   P   S   T   W   Y   V   A   R   N   D   C   Q   E   G   H   I   L   K   M   F   P   S   T   W   Y   V
    1 M    -2  -3  -4  -5  -3  -2  -3  -4  -3   0   1  -3   9  -1  -4  -3  -2  -3  -2  -1    0   0   0   0   0   0   0   0   0   0   0   0 100   0   0   0   0   0   0   0  1.55 0.25
    2 E    -2  -1  -1   1  -5   1   6  -1  -1  -4  -4   2  -3  -4  -2  -1  -2  -4  -3  -3    0   0   0   2   0   1  80   3   0   0   0  14   0   0   0   0   0   0   0   0  0.94 0.15
    3 K    -2   4  -1  -2  -4   0   0  -3  -2  -4  -3   6  -2  -4  -2  -1  -2  -4  -3  -3    0  21   1   0   0   0   0   0   0   0   0  78   0   0   0   0   0   0   0   0  0.93 0.16
    4 S    -3   1  -4  -5   1  -3  -3  -1  -3  -4  -3  -3  -3  -1  -4  -1  -3  11   0  -4    0  13   0   0   4   0   0   5   0   0   0   0   0   0   0   4   0  73   0   0  2.17 0.22
    5 W    -4   2  -4  -5  -2  -2  -3  -3  -3  -4  -3  -3  -3  -1  -5  -3  -3  11   1  -4    0  16   0   0   1   1   0   1   0   0   1   0   0   0   0   0   0  80   1   0  2.55 0.24
    6 F    -3  -4  -4  -5  -4  -4  -4  -4  -2  -1   0  -4  -1   8  -5  -3  -3   0   2  -2    0   0   0   0   0   0   0   0   0   0   3   0   0  96   0   0   0   0   0   0  1.48 0.20
    7 N    -3  -1   7   2  -4  -1  -1  -1   0  -4  -5  -1  -3  -4  -3   0  -1  -5  -3  -4    0   1  89   6   0   0   0   2   1   0   0   0   0   0   0   1   0   0   0   0  1.24 0.18
    8 F     0  -2  -1  -1  -2  -1  -1  -1  -2  -3  -1  -1  -2  -2  -2   6   0  -2  -3  -2    1   0   0   0   0   0   0   0   0   0   6   0   0   1   0  91   0   1   0   0  0.79 0.17
    9 M    -2  -3  -4  -4  -3  -2  -3  -4  -3   2   1  -3   8  -1  -4  -3  -2  -3  -2   0    0   0   0   0   0   0   0   0   0  12   1   0  85   0   0   0   0   0   0   2  1.19 0.21
   10 F    -2  -3  -4  -4  -2  -3  -4  -4  -3   1   5  -2   1   2  -4  -3  -2  -1  -1   0    0   0   0   0   0   0   0   0   0   0  85   1   0   7   0   1   0   1   0   4  0.66 0.12
   11 S     0  -2  -1  -2  -2  -2  -2  -1  -2  -2  -2  -2  -2   5  -3   4   0  -1   1  -2    2   0   0   0   0   0   0   1   0   0   0   0   0  40   0  53   0   0   2   1  0.55 0.13
   12 K    -2   1   5   0  -3   0   0  -2  -1  -4  -4   4  -2  -4  -2   0  -1  -4  -3  -3    0   2  40   0   0   0   0   0   0   0   0  49   0   0   0   6   1   0   0   0  0.66 0.13
   13 G    -1   2  -1   0  -4   0   2   2  -1  -3  -3   3  -2  -4  -2  -1  -1  -3  -3  -2    2  13   0   1   0   1  23  23   0   0   0  32   0   0   0   0   0   0   0   4  0.40 0.08
   14 E    -1  -1  -1   0  -4   1   5   0  -1  -3  -3   2  -3  -4  -2  -1  -2  -4  -3  -2    1   0   0   0   0   1  74   8   0   0   0  12   0   0   0   0   0   0   0   4  0.77 0.14
   15 L    -2  -3  -4  -5  -2  -3  -4  -4  -3   1   5  -3   1   3  -4  -3  -2  -2  -1   0    0   0   0   0   0   0   0   0   0   1  78   0   0  18   0   0   0   0   0   3  0.69 0.12
   16 E    -2  -1  -1   1  -5   1   6  -2  -1  -4  -4   1  -3  -4  -2  -1  -2  -4  -3  -4    0   0   0   1   0   0  91   2   0   0   0   5   0   0   0   0   1   0   0   0  1.13 0.18
   17 Y    -3   1  -1  -3  -1  -1  -2  -3   7  -3  -3  -2  -2   1  -3  -2  -2   0   6  -3    0  11   1   0   1   1   0   1  36   0   0   0   0   0   1   2   0   0  48   0  0.97 0.16
   18 R    -2   6  -1  -2  -4   0  -1   1  -1  -4  -3   2  -2  -4  -3  -1  -2  -2  -3  -4    0  80   0   0   0   1   0  13   0   0   0   5   0   0   0   1   0   1   0   0  0.98 0.16
   19 G    -2  -3  -4  -5  10  -4  -5  -2  -4  -3  -3  -4  -3  -3  -4  -2  -2   0   0  -2    0   1   0   0  87   0   0   3   0   0   0   0   0   0   0   1   0   1   5   0  1.92 0.22
   20 E    -1   2  -1  -2  -4  -1  -1   6  -2  -4  -4  -1  -3  -4  -3  -1  -2   0  -3  -4    0  19   0   0   0   0   5  73   0   0   0   2   0   0   0   0   0   1   0   1  0.93 0.13
   21 L    -2  -3  -4  -5  -2  -3  -4  -5  -4   1   5  -3   1   0  -3  -3  -2  -3  -2   0    0   0   0   0   0   0   0   0   0   3  96   0   0   0   1   0   0   0   0   0  0.85 0.15
   22 S     0  -1   2  -1  -2  -1  -1   0  -2  -3  -4   0  -3  -3  -2   5   1  -4  -3  -3    0   1  13   0   0   0   0   3   0   0   0   2   0   0   0  79   3   0   0   0  0.71 0.15
   23 K    -2   1  -1  -2  -4   0   0  -3  -2  -4  -4   6  -2  -4  -2  -1  -2  -4  -3  -3    0   0   1   0   0   0   0   0   0   0   0  97   0   0   0   0   0   0   0   0  1.10 0.19
   24 A     1  -2   0  -1  -2  -1  -1  -1  -2  -4  -4  -1  -3  -4  -2   6   0  -4  -3  -3    2   0   0   0   0   0   0   0   0   0   0   0   0   0   0  98   0   0   0   0  0.96 0.19
   25 M    -2  -2  -3  -4  -2  -2  -3  -4  -3   2   1  -2   8  -1  -3  -2   1  -3  -2   0    0   1   0   0   0   0   0   0   0  12   2   1  70   0   0   1  13   0   0   0  0.82 0.18
   26 D    -1  -2   1   6  -4  -1   1   1  -1  -4  -4  -1  -3  -4  -2  -1  -2  -4  -3  -3    3   0   6  66   0   0   7  14   1   0   0   2   0   0   0   1   0   0   1   1  0.82 0.12
   27 S     0  -1   1  -1  -2  -1  -1   0  -1  -3  -3  -1  -2  -3  -2   5   0  -4  -3  -3    0   2   7   0   0   0   0   4   0   1   0   1   0   0   0  84   0   0   0   0  0.73 0.16
   28 F    -2  -2  -4  -4  -2  -3  -4  -4  -2   1   4  -3   1   3  -2  -3  -2  -2   0   0    0   1   0   0   0   0   0   1   1   3  73   0   0  19   2   1   0   0   0   0  0.57 0.11
   29 A     0  -3  -1   1  -2  -2  -2   6  -3  -4  -4  -2  -3  -4  -3   0  -2  -4  -4  -4    3   1   1   9   1   0   0  82   0   0   0   0   0   0   0   4   0   0   0   0  1.10 0.14
   30 P    -1  -3  -3  -3  -4  -2  -2  -3  -3  -4  -3  -2  -3  -5   8  -1  -2  -5  -4  -3    5   0   0   0   0   0   0   0   0   0   1   0   0   0  91   2   0   0   0   0  2.19 0.20
   31 G    -2  -4  -4  -4  -2  -4  -4  -4  -4   6   1  -4   0   0  -4  -2  -1  -3  -2   2    0   0   0   0   0   0   0   1   0  87   4   0   0   4   0   2   1   0   0   1  0.77 0.15
   32 E    -1  -1  -1   1  -4   1   6   1  -1  -4  -4   1  -3  -4  -2  -1  -2  -4  -3  -3    1   1   0   2   0   1  76  14   0   0   0   6   0   0   0   0   0   0   0   0  0.85 0.14
   33 K    -2  -1   7   0  -4  -1  -1  -2   2  -4  -4   0  -3  -4  -3   0  -1  -5  -2  -4    0   0  87   0   0   1   1   0   4   0   0   5   0   0   0   1   1   0   1   0  1.16 0.18
   34 T     0  -2   0  -2  -2  -2  -2  -2  -3   0  -2  -2  -1  -3  -1   0   6  -3  -2   0    5   0   3   0   0   0   0   0   0   8   1   0   0   0   3   1  77   0   0   2  0.66 0.14
   35 T     0   0   1  -1   0  -1  -1   1  -2  -3  -3  -1  -2  -3  -2   5   1  -3  -3  -2    0   4   7   1   2   0   0  10   0   0   0   0   0   0   0  70   4   0   0   1  0.54 0.12
   36 I    -1  -1  -2  -1  -2  -1   2   2  -2   1  -1  -1  -1  -2  -2  -1  -1  -3  -2   2    1   2   0   0   0   1  26  24   0  10   1   1   0   1   0   0   1   0   0  31  0.21 0.07
   37 S     0   0   2  -1  -2  -1  -1   0  -2  -1  -3  -1  -2  -3  -2   5   0  -4  -3  -2    0   3   8   0   0   0   0   3   0   5   0   1   0   0   0  77   0   0   0   1  0.59 0.14
   38 Q    -2  -1  -1   1  -5   2   6  -3  -1  -4  -4   1  -3  -4  -2  -1  -2  -4  -3  -3    0   0   0   3   0   5  86   0   0   0   0   5   0   0   0   0   0   0   0   1  1.05 0.16
   39 D    -2  -2   1   7  -4  -1   1   0  -1  -4  -5  -1  -4  -4  -2  -1  -2  -5  -4  -4    0   0   2  84   0   0   4   7   1   0   0   1   0   0   0   0   0   0   0   0  1.19 0.16
   40 R    -1   0  -2  -2  -3   0  -1  -3  -2  -3  -2  -1  -3  -4   7   0  -1  -4  -3  -3    1   8   0   0   0   5   1   0   0   0   4   0   0   0  70  10   1   0   0   0  1.44 0.15
   41 F    -1  -2   3  -1  -2  -2  -2  -2  -2   3   0  -2   0   0  -3  -1   0  -3  -2   2    0   0  24   1   0   0   0   1   0  40   1   1   0   4   0   3   4   0   0  21  0.27 0.08
   42 I    -2   4  -3  -3  -2  -1  -2  -4  -2   3   2   0   0  -1  -3  -2  -1  -3  -2   0    0  33   0   0   0   0   0   0   0  35  28   1   1   1   0   0   1   0   0   0  0.37 0.09
   43 Y    -2  -1   6   0  -3  -1  -1  -2  -1  -3  -3   1  -3  -3  -3   0   1  -4   0  -3    0   0  66   2   0   0   0   0   0   1   1  12   0   0   0   1  12   0   4   0  0.73 0.13
   44 D    -2  -2   2   7  -4  -1   1  -1  -1  -4  -4  -1  -4  -4  -2  -1  -2  -5  -3  -4    1   0   7  82   0   1   1   4   1   0   1   0   0   0   0   0   0   0   1   0  1.12 0.15
   45 M    -1   2  -1  -2  -2  -1  -2  -3  -2   0   0   0   4  -2  -2   0   4  -3  -2  -1    1  14   0   0   0   0   0   0   0   6   1   7  28   0   1   1  41   0   0   0  0.35 0.11
   46 D    -1  -2   2   6  -4  -1   2  -1  -1  -3  -4  -1  -3  -3  -2  -1   0  -4  -1  -3    4   0   7  62   0   0  10   3   0   0   0   2   0   0   0   0   8   0   3   1  0.70 0.11
   47 K    -2   1  -1  -2  -4   1   0  -2  -1  -4  -3   6  -2  -4  -2  -1  -1  -4  -3  -3    0   0   1   0   0   1   0   0   1   0   0  94   0   0   0   0   1   0   0   0  1.00 0.17
   48 N    -2  -1   7   1  -3  -1  -1  -1   0  -4  -4   0  -2  -3  -3   0  -1  -4  -2  -3    0   0  77   6   0   0   1   0   1   0   0   5   1   0   0   5   2   0   2   0  0.93 0.15
   49 F    -2  -3  -3  -4  -2  -3  -4  -4  -4   6   1  -3   1   0  -3  -2   0  -3  -2   2    0   0   1   0   0   0   0   0   0  82   2   0   2   3   1   1   6   0   0   2  0.66 0.13
   50 Y    -2  -1   0  -2  -3   2  -1  -3   7  -3  -2  -1  -2  -2   4  -1  -2  -3   2  -3    0   1   2   1   0  14   0   0  44   0   5   1   0   1  23   3   0   0   6   0  0.76 0.12
   51 G     0   0   2   0   0  -1  -1   1  -1  -3  -3  -1  -2  -3  -1   4   0  -3  -2  -2    0   4  10   2   2   0   1   7   1   0   1   0   0   0   2  67   1   0   0   0  0.48 0.11
   52 W    -2  -2  -3  -3   2  -2  -3  -1   0  -2  -2  -3  -2   0  -3  -2  -2  11   1  -3    2   1   1   1   5   1   1   5   3   2   3   1   0   1   1   3   1  66   1   1  1.77 0.15
   53 D     0   1   1   0  -2  -1  -1   3  -1  -2  -2   0  -2  -2  -1   2   0  -2  -2  -2    1  11   8   3   0   1   2  29   1   2   2   1   0   1   1  31   1   0   1   3  0.27 0.05
   54 E    -1  -1   1   4  -3   0   1   2  -1  -3  -3  -1  -2  -2  -1   0  -1   0  -1  -2    2   1   7  44   0   2   8  16   1   1   2   3   0   1   1   5   2   1   2   1  0.41 0.06
   55 R     0   2   1  -1  -2   0  -1   0   2  -2  -2   0  -2  -2  -1   3   0   5  -1  -2    1  18   5   1   1   0   1   5   7   3   2   4   0   0   2  36   2  11   0   1  0.29 0.07
   56 S    -1  -1   1   5  -2  -1   1   1  -1  -3  -3  -1  -2  -2  -2   2  -1  -3  -2  -3    2   2   3  48   1   1   3  10   1   1   1   2   0   1   1  22   1   0   0   1  0.49 0.08
   57 S    -1  -1   4   3  -1  -1   0  -1  -1  -3  -3  -1  -2  -3  -2   2   0  -1  -2  -3    1   1  38  20   1   1   1   2   0   1   1   1   0   0   1  29   1   1   1   1  0.48 0.09
   58 Y     0  -1   0  -1   0  -1  -1  -1   0  -1  -1  -1  -1   1  -1   3   0   0   3  -1    4   2   2   3   2   2   2   3   1   2   5   2   1   6   2  39   2   1  18   2  0.17 0.04
   59 S     0  -1   1   3  -1   0   1   0  -1  -2  -2   0  -1  -2  -1   3   0  -2  -1  -1    3   2   6  21   1   2   5   4   1   2   3   2   1   1   2  36   3   0   2   2  0.22 0.04
   60 S     0  -1   2   0   3   0   0   0   0  -1  -1   0  -1   0  -1   2   0  -1   1  -1    4   2  15   3  10   2   3   4   2   3   4   3   1   4   2  23   3   1   7   3  0.09 0.02
   61 S     0  -1   0  -1  -1  -1  -1  -1  -1  -2  -2  -1  -2  -2  -1   5   1  -2  -1  -2    2   1   1   1   0   1   2   2   1   1   2   1   1   1   1  75   2   0   2   2  0.51 0.10
   62 Y     0   0   0   0  -1   0   0   0   0  -2  -2   0  -1  -1  -1   3   1  -1   1  -1    3   5   3   3   1   2   2   4   1   2   3   3   1   1   2  52   4   0   7   2  0.23 0.05
   63 S    -1  -2  -1  -2   0  -1  -2  -2   0  -1  -1  -2  -1   2  -2   0  -1   1   7  -1    3   1   2   1   3   1   2   2   1   1   2   2   1   3   1  10   2   1  59   2  0.61 0.09
   64 N     0   0   2   0  -1   0  -1  -1  -1  -2  -2   0  -2  -2  -1   4   1  -2  -1  -2    2   3  15   2   0   1   1   2   1   2   2   2   1   1   1  57   2   0   1   1  0.36 0.07
   65 N    -2  -1   7   0  -3  -1  -1  -1   0  -4  -4   0  -3  -4  -3   0   0  -4  -3  -4    0   0  89   1   0   0   0   0   1   0   0   3   0   0   0   0   3   0   0   0  1.18 0.17
   66 V    -1  -3  -3  -4  -2  -3  -3  -3  -4   2   1  -3   0  -1  -3  -2  -1  -3  -2   5    2   0   0   0   0   0   1   1   0   3   6   0   1   1   0   0   0   0   0  82  0.59 0.12
   67 D    -2  -2   1   7  -4  -1   1  -2  -1  -4  -4  -2  -4  -4  -2  -1  -2  -4  -2  -4    1   0   3  89   0   0   1   1   1   0   0   0   0   0   0   0   0   0   1   0  1.25 0.16
   68 L    -2   1   0  -1  -3  -1  -1  -3   7  -3  -1  -1  -2   0  -1  -2  -2  -2   4  -3    1   8   3   3   0   1   0   1  53   0   7   0   0   1   2   1   1   0  18   0  0.74 0.13
   69 L    -2  -3  -4  -4  -2  -3  -4  -4  -3   1   5  -3   1   3  -4  -3  -2  -2  -1   0    0   0   0   0   0   0   0   0   0   0  85   0   0  13   0   0   0   0   0   0  0.71 0.13
   70 V    -1  -3  -4  -4  -2  -3  -3  -4  -3   1   0  -3   0   6  -4  -2  -2  -1   1   3    3   0   0   0   0   0   0   0   0   2   2   0   0  52   0   1   0   0   0  38  0.62 0.12
   71 S    -1  -2   0   1  -2  -2  -2   5  -2  -4  -4  -2  -3  -4  -3   1  -1  -3  -3  -2    1   2   3   9   1   0   0  68   0   0   0   0   0   0   0  10   1   0   0   3  0.79 0.11
   72 S     0  -3  -3  -3  -2  -3  -3  -2  -3   2   0  -3   0  -1  -3  -1  -1  -3  -2   5    3   0   0   1   0   0   0   4   0  10   4   0   1   0   0   3   1   0   0  72  0.47 0.11
   73 K    -1   5  -1  -2  -3   0   0   0  -1  -3  -3   4  -1  -3  -2   0  -1  -3  -2  -3    0  48   0   0   0   0   2   7   0   0   0  33   2   0   0   4   1   0   0   0  0.61 0.10
   74 D    -2  -2   2   6  -4  -1   0   0  -1  -4  -4  -1  -3  -3  -2  -1  -2  -3   1  -4    0   0  10  74   0   0   0   5   0   0   0   0   0   0   0   2   0   0   6   0  0.93 0.13
   75 I    -2  -4  -3  -4  -2  -4  -4  -5  -4   6   1  -4   0  -1  -4  -3  -2  -3  -2   2    0   0   1   0   0   0   0   0   0  94   1   0   0   1   0   0   0   0   0   1  0.91 0.16
   76 R    -2   6  -2  -3  -1   1  -1  -2   0  -4  -2   1  -1  -3  -1  -2  -2   5  -2  -3    0  68   0   0   2   7   0   3   2   0   2   1   1   0   2   0   0  12   0   0  0.82 0.14
   77 N    -2  -1   7   0  -3  -1  -1  -1   0  -4  -4  -1  -3  -4  -3   2   0  -4  -3  -4    0   0  80   0   0   0   0   2   1   0   0   0   0   0   0  16   1   0   0   0  1.04 0.16
   78 F    -3  -4  -4  -5  -3  -4  -4  -4  -2  -1   1  -4  -1   7  -5  -3  -3   0   2  -2    0   0   0   0   0   0   0   0   0   0  13   0   0  86   0   0   0   0   0   0  1.25 0.17
   79 I    -2  -4  -2  -4  -2  -3  -4  -4  -4   6   1  -3   0  -1  -4  -2  -1  -3  -2   2    0   0   2   0   0   0   0   0   0  82   6   0   0   0   0   4   0   0   0   4  0.69 0.14
   80 S     1  -2  -1  -1  -2  -1  -1  -1  -2  -3  -3  -1  -2  -2   2   5   0  -1  -1  -2    4   0   0   0   0   0   0   1   0   0   0   0   0   1   9  80   0   1   3   1  0.68 0.15
   81 D    -3  -3   1   7  -5  -1   1  -2  -2  -4  -5  -2  -4  -4  -3  -1  -2  -5  -3  -4    1   0   3  95   0   0   0   0   0   0   0   0   0   0   0   0   0   0   1   0  1.46 0.19
   82 D    -2  -2   1   6  -4   0   3  -2  -2  -4  -4   0  -4  -4  -2  -1  -2  -5  -4  -4    0   0   2  71   0   0  20   1   0   0   0   4   0   0   0   0   0   0   0   0  1.05 0.14
   83 T    -1  -2  -1  -2  -2  -2  -2  -3  -3  -1  -2  -2  -2  -3  -2   0   6  -4  -3  -1    1   0   1   0   0   0   0   0   0   2   0   0   0   0   0   0  96   0   0   0  1.03 0.19
   84 F    -3  -4  -4  -5  -3  -4  -4  -4  -2  -1   0  -4  -1   8  -5  -4  -3   0   2  -2    0   0   0   0   0   0   0   0   0   2   4   0   0  94   0   0   0   0   0   0  1.42 0.19
   85 F    -2  -3  -4  -4  -2  -3  -4  -4  -3   1   5  -3   1   3  -4  -3  -2  -2  -1   0    0   1   0   0   0   0   0   0   0   0  84   0   0  14   0   0   0   0   0   1  0.71 0.13
   86 V    -1  -3  -4  -4  -2  -3  -3  -4  -4   2   0  -3   0  -1  -3  -3  -1  -4  -2   6    0   0   0   0   0   0   0   0   0   4   3   0   0   1   0   0   0   0   0  92  0.80 0.16
   87 R    -2   6  -1  -2  -4   0  -1  -3  -1  -3  -3   3   0  -4  -3  -1  -2  -4  -3  -3    0  76   0   0   0   0   0   0   0   1   0  17   3   0   0   2   0   0   0   0  0.98 0.15
   88 D    -3  -3   1   7  -5  -1   1  -2  -2  -4  -5  -2  -4  -4  -3  -1  -2  -5  -3  -4    1   0   1  96   0   0   0   1   0   0   0   0   0   0   0   0   0   0   1   0  1.45 0.19
   89 S     0   2   2  -1  -2  -1  -1  -1  -1  -3  -3  -1  -2  -3  -2   5   0  -4  -3  -3    0  12   9   0   0   0   0   0   1   1   0   0   0   0   0  76   1   0   0   0  0.64 0.14
   90 N    -3  -1   7   0  -4  -1  -1  -2   0  -4  -5   0  -3  -4  -3   0  -1  -5  -3  -4    0   1  91   0   0   0   0   0   1   0   0   6   0   0   0   0   1   0   0   0  1.27 0.19
   91 K    -1   4  -1  -2  -4  -1  -1   5  -2  -4  -4   1  -3  -4  -3  -1  -2  -3  -3  -4    0  34   0   0   0   1   1  55   0   0   0   5   0   0   0   3   0   0   0   0  0.77 0.12
   92 N    -2  -2   3   6  -4  -1   1  -1  -1  -4  -4  -1  -3  -3  -2   0  -2  -4   0  -3    2   0  18  66   0   1   1   3   0   0   0   1   0   0   0   2   0   0   4   1  0.87 0.13
   93 S     0  -2   1  -1   0  -1  -1   0  -1  -2  -3  -1  -2  -3  -2   5   0  -4  -3  -2    0   1   5   0   1   0   0   6   1   4   0   0   0   0   0  82   0   0   0   0  0.67 0.15
   94 Y    -3  -3  -3  -4  -4  -3  -3  -4   1  -3  -2  -3  -2   3  -4  -3  -3   1   9  -2    0   0   0   0   0   0   0   0   0   0   0   0   0   4   0   0   0   0  96   0  1.74 0.23
   95 S     0  -2   0  -1  -1  -1  -1  -1  -2  -3  -3  -1  -2   0  -2   5   0  -3   0  -3    0   0   0   0   0   0   0   0   0   0   0   0   0   4   0  91   0   0   4   0  0.79 0.17
   96 I    -2  -4  -4  -4  -2  -4  -4  -5  -4   6   1  -4   0  -1  -4  -3  -2  -4  -2   2    0   0   0   0   0   0   0   0   0  90   2   0   0   0   0   0   0   0   0   9  0.90 0.16
   97 F    -3  -3  -3  -3  -1  -3  -3  -4   1  -3  -2  -3  -2   2  -4  -3  -3   1   9  -2    0   0   0   1   1   0   0   0   1   0   0   0   0   2   0   0   0   0  95   0  1.69 0.22
   98 F    -3  -4  -4  -5  -3  -4  -4  -4  -2  -1   0  -4  -1   8  -5  -4  -3   0   2  -2    0   0   0   0   0   0   0   0   0   0   7   0   0  93   0   0   0   0   0   0  1.41 0.19
   99 D    -3  -3   1   7  -5  -1   1  -2  -2  -4  -5  -2  -4  -5  -3  -1  -2  -5  -4  -4    1   0   3  96   0   0   0   1   0   0   0   0   0   0   0   0   0   0   0   0  1.47 0.19
  100 K    -2  -4  -4  -4  -2  -4  -4  -5  -4   6   1  -3   1  -1  -4  -3  -2  -4  -2   2    0   0   0   0   0   0   0   0   0  95   1   1   1   0   0   1   0   0   0   0  0.93 0.17
  101 K    -2  -1  -1   1  -5   1   6  -3  -1  -4  -4   1  -3  -4  -2  -1  -2  -4  -3  -4    0   0   0   1   0   1  92   0   0   0   0   5   0   0   0   1   1   0   0   0  1.16 0.18
  102 K    -3  -1   7   0  -4  -1  -1  -2  -1  -4  -5   0  -3  -4  -3   0  -1  -5  -3  -4    0   0  95   0   0   0   0   0   0   0   0   5   0   0   0   0   0   0   0   0  1.36 0.20
  103 K    -2   1   0  -1  -4   6   1  -2   4  -4  -3   2  -1  -2  -1  -1  -2  -3  -2  -3    0   2   1   0   0  61   2   1  13   0   0  15   2   1   2   1   0   0   0   0  0.75 0.14
  104 I    -2  -3  -1  -4  -2  -3  -4  -4  -4   6   1  -2   0  -1  -4  -3  -1  -4  -2   2    0   0   4   0   0   0   0   0   0  82   3   2   0   0   0   0   1   0   0   8  0.69 0.14
  105 F    -3  -4  -4  -5  -3  -4  -4  -4  -2  -1   1  -4  -1   8  -5  -4  -3   0   2  -1    0   0   0   0   0   0   0   0   0   0   9   0   0  91   0   0   0   0   0   1  1.35 0.18
  106 E    -2  -1  -1   1  -5   1   6  -3  -1  -4  -4   0  -3  -4  -2  -1  -2  -4  -3  -4    0   0   0   1   0   1  95   1   1   0   0   2   0   0   0   0   0   0   0   0  1.22 0.19
  107 I    -2  -4  -4  -4  -2  -4  -4  -5  -4   6   1  -4   0  -1  -4  -3  -2  -4  -2   2    0   0   0   0   0   0   0   0   0  98   1   0   0   0   0   0   0   0   0   1  1.01 0.18
  108 D    -2  -2   2   7  -4  -1   1  -2  -2  -4  -5  -1  -4  -5  -3  -1  -2  -5  -4  -4    2   0   8  86   0   0   3   0   0   0   0   2   0   0   0   0   0   0   0   0  1.25 0.17
  109 N    -2  -1   7   0  -4  -1  -1  -2   0  -4  -4   0  -3  -4  -3   0   0  -5  -3  -4    0   0  90   1   0   0   0   0   0   1   0   3   0   0   0   2   3   0   0   0  1.22 0.19
  110 D    -2  -2   2   6  -4  -1   1   0  -1  -4  -5  -2  -4  -4  -2  -1  -2  -5  -4  -4    2   0  11  78   0   0   3   4   1   0   0   0   0   0   0   0   0   0   0   0  1.10 0.15
  111 F    -2  -1  -1  -3  -3  -1  -2  -3   8  -1   2  -2   0  -1  -2  -1  -2  -3   1  -1    0   2   0   0   0   0   0   0  61   1  26   0   1   1   1   3   0   0   1   2  0.83 0.15
  112 S     0  -2   0  -1  -2  -1  -1  -1  -2  -4  -4  -1  -3  -3  -2   6   0  -4  -2  -3    0   0   1   0   0   0   0   1   0   0   0   0   0   1   0  98   0   0   0   0  0.95 0.19
  113 D    -2  -1  -1   1  -4   0   6  -3  -1  -3  -3  -1  -2   3  -2  -1  -2  -3  -1  -3    0   0   0   4   0   0  76   0   0   0   0   0   0  20   0   0   0   0   0   0  0.86 0.16
  114 L    -2  -2  -4  -4  -2  -3  -4  -4  -4   1   5  -3   1  -1   0  -3  -2  -3  -2   0    0   1   0   0   0   0   0   0   0   0  91   0   0   0   5   1   0   0   0   1  0.73 0.13
  115 E    -1  -1  -1   0  -4   1   6  -3  -1  -4  -4   1  -3  -4  -2   1  -1  -4  -3  -3    1   0   0   0   0   3  82   0   0   0   0   5   0   0   0   9   0   0   0   0  0.95 0.15
  116 K     0  -1   2  -1  -1  -1   1  -1  -1  -3  -3   0  -2  -2  -2   5   0  -4  -2  -3    0   1   9   0   1   0   8   0   0   0   1   5   0   2   0  71   0   0   0   0  0.55 0.13
  117 F     1  -2  -1  -1  -1  -1  -1  -2  -2  -2   0  -1  -1   2   0   4   0  -2   1  -1    7   0   0   1   0   0   3   0   0   0   8   1   0  16   3  53   0   0   6   2  0.28 0.09
  118 F    -3  -3  -4  -4  -4  -3   0  -4  -2  -1   0  -3  -1   7  -4  -3  -3   0   2  -2    0   0   0   0   0   0   9   0   0   0   4   1   0  85   0   0   0   0   0   0  1.14 0.17
  119 Y    -1  -2  -1  -2  -2  -2  -2  -2   0  -2  -1  -2  -2   1  -2   2  -1   0   7  -2    1   1   2   1   1   0   1   1   0   1   3   1   0   2   1  27   1   0  59   1  0.72 0.13
  120 S     0  -1   2   0  -2  -1   0   0  -1  -2  -3  -1  -2  -2  -1   5   1  -3  -2  -2    1   2   8   1   0   0   2   3   0   1   1   1   0   1   1  72   3   0   0   1  0.53 0.11
  121 Y    -2  -2  -3  -3  -2  -2  -3  -3   0  -2  -2  -2  -2   4  -3  -1  -2   1   7  -2    1   0   0   0   1   0   1   1   0   0   1   0   0  15   0   7   0   0  70   1  1.06 0.15
  122 C    -1   4  -1  -1   0   2   0  -2   0  -2  -1   2  -1  -2  -1   0  -1   4  -1  -2    1  41   1   1   2  11   1   1   2   0   9  10   0   1   3   6   1   8   2   1  0.36 0.07
  123 S    -2  -1   6   0  -3  -1  -1  -1   0  -3  -3  -1  -2  -2  -2   1   0  -4  -2  -3    1   0  75   0   0   0   1   1   1   2   1   1   0   2   1   9   4   0   0   1  0.84 0.13
  124 S     0  -2  -1  -1  -1  -1  -1  -1  -1  -3  -3  -1  -2   1  -2   5   0  -1   2  -2    0   0   0   0   0   0   0   0   1   0   1   0   0   7   0  78   0   0  11   0  0.62 0.15
  125 S     0   0   1  -1  -1  -1  -1   0  -2  -3  -3  -1  -2  -3  -2   5   1  -4  -2  -2    1   4   4   1   1   0   0   6   0   1   1   0   0   0   0  78   2   0   1   0  0.61 0.14
  126 Y    -3  -3  -2  -4  -4  -3  -3  -4   1  -3  -2  -3  -2   2  -4  -2  -3   1   8  -2    0   0   1   0   0   0   0   0   1   0   0   0   0   0   0   3   0   0  94   0  1.62 0.22
  127 L    -2   0  -3  -4  -2  -1  -3  -4  -3   1   4  -2   3   0  -1  -3  -2  -1  -2   0    0   6   0   0   0   2   0   0   0   0  76   1   8   1   4   0   1   1   0   0  0.52 0.11
  128 N    -2  -1   7   0  -4  -1  -1  -2   2  -4  -4   0  -3  -4  -2   0  -1  -5  -2  -4    0   0  88   0   0   0   0   0   4   0   1   3   0   0   1   1   2   0   0   0  1.18 0.18
  129 N    -2  -1   7   0  -3  -1  -1  -1   0  -4  -4  -1  -3  -4  -3   1   0  -5  -3  -4    0   1  79   1   0   0   0   0   1   0   0   1   0   0   0  13   3   0   0   0  1.02 0.16
  130 R     0   1  -1  -2  -3  -2  -2   5  -3  -1  -2  -1  -2  -3  -2  -1  -2  -3  -3   1    4   9   0   1   0   0   1  61   0   0   0   1   0   0   0   0   0   0   0  21  0.60 0.10
  131 S     0  -2   0  -1  -2  -1  -1  -1  -2  -3  -3  -1  -2  -1   0   5   1  -4  -2  -2    0   0   1   0   0   0   0   0   0   0   0   0   0   4   3  89   2   0   0   1  0.77 0.17
  132 K    -1   2   1  -1  -3   1   0  -2  -1  -3  -3   5  -2  -4  -2   0   1  -4  -3  -3    0   5   8   1   0   2   2   1   0   1   0  68   0   0   0   1  11   0   0   0  0.61 0.12
  133 G     0   0   2  -1  -2  -1  -1   1  -2  -3  -3  -1  -2  -3  -2   5   0  -4  -3  -2    0   3  11   0   0   0   0   7   0   0   0   1   0   0   0  75   1   0   0   1  0.61 0.14
  134 D    -2  -1   1   6  -3   0   2  -2  -1  -3  -3   1  -3  -3  -2  -1  -1  -4  -2  -3    1   1   4  62   0   1  15   1   1   1   1   7   0   0   1   2   1   0   1   1  0.75 0.10
  135 N     0   0   4   2  -1   0   0   0   0  -1  -1   0  -1  -1  -1   0   0  -1   0  -1    5   3  32  12   1   3   3   8   1   3   4   3   1   2   3   4   3   1   3   4  0.18 0.02
  136 D    -2  -2   1   6  -3  -1   1  -2   3  -3  -3  -1  -3  -3   0  -1  -1  -3  -2  -3    2   1   4  64   0   1   2   1  11   1   2   1   0   1   4   2   1   0   1   1  0.71 0.09
  137 L    -1   1  -1  -1  -2  -1  -1  -2  -1  -2  -1  -1  -2  -2   6   1   1  -2   0  -2    1   9   1   1   0   1   1   1   1   1   5   1   0   1  42  14  13   0   5   1  0.66 0.08
  138 H    -2   1  -1   1  -3  -1  -1  -3   6  -3  -2  -1  -2   0  -2  -2  -2   0   6  -3    1   7   1  12   0   1   0   1  29   0   3   0   0   0   1   1   0   0  41   0  0.68 0.12
  139 Y    -2  -2  -1  -1  -1  -2  -2  -3   2  -2  -2  -2  -2   2  -2  -2  -2   1   8  -2    0   0   3   4   1   1   0   0   5   0   1   0   0   0   2   2   0   0  79   0  1.14 0.17
  140 D    -3  -2   3   7  -4  -1   0  -2   1  -4  -4  -2  -4  -4  -2  -1  -2  -5  -2  -4    0   0  12  80   0   0   0   1   3   0   0   0   0   0   1   1   0   0   1   0  1.13 0.15
  141 P    -2   5  -1  -2  -1   0  -1  -2   5  -4  -3   0  -2  -2   3  -1  -2  -3   0  -3    0  54   0   0   2   0   0   1  20   0   2   0   0   1  14   1   1   0   4   0  0.69 0.12
  142 Y    -2  -3  -2  -3  -3  -2  -3  -3   0  -2  -2  -3   0   2  -4   0  -2   1   8  -2    0   0   1   1   0   0   0   1   0   1   1   0   2   0   0  10   0   0  83   0  1.25 0.19
  143 I    -2  -3  -3  -4  -2  -2  -3  -3  -3   2   1  -2   8  -1  -4  -2  -1  -3   0   1    0   0   0   0   0   0   0   1   0  11   3   0  70   0   0   1   2   0   3   9  0.80 0.17
  144 K    -3  -2  -2   0  -4  -2  -3  -4   1  -3  -2  -1  -2   2  -4  -2  -3   1   8  -2    0   0   1   6   0   0   0   0   1   0   0   3   0   0   0   1   0   0  86   0  1.33 0.19
  145 D    -3  -3   2   7  -5  -1   1  -2  -1  -4  -5  -2  -4  -4  -3  -1  -2  -5  -2  -4    0   0   6  91   0   0   1   0   1   0   0   0   0   0   0   1   0   0   1   0  1.35 0.18
  146 T    -1  -2  -1  -2  -2  -2  -2  -2  -3  -1  -2  -2  -2  -3  -2   1   6  -4  -3  -1    0   0   1   0   0   0   0   1   0   2   0   0   0   0   0   2  93   0   0   0  0.98 0.19
  147 K    -2   1   1  -1  -4   5   0  -2  -1  -4  -3   5  -2  -4  -2  -1  -1  -4  -3  -3    0   0   6   0   0  37   0   0   0   0   0  54   0   0   0   0   3   0   0   0  0.74 0.14
  148 Y    -2  -2  -2  -2  -3  -2  -2  -3   1  -3  -2  -2  -2   1  -3   2  -2   1   8  -2    1   0   0   2   0   0   0   0   1   0   0   0   0   0   0  21   0   0  74   0  1.09 0.18
  149 N     0  -1   1  -1  -1  -1  -1  -1  -2  -3  -3  -1  -2  -3  -2   5   1  -4  -3  -2    0   1   6   0   1   0   0   1   0   1   0   0   0   0   0  85   6   0   0   0  0.76 0.16
  150 C    -4  -4  -5  -6   0  -4  -4  -4  -4  -4  -3  -5  -3  -1  -5  -4  -4  12   1  -4    0   0   0   0   2   0   0   0   0   0   0   0   0   0   0   0   0  97   0   0  3.39 0.29
  151 T    -3  -1   7   0  -4  -1  -1  -2   0  -3  -4   0  -3  -4  -3   0   0  -5  -3  -4    0   0  91   0   0   0   0   0   1   1   0   3   0   0   0   0   4   0   0   0  1.23 0.19
  152 N    -3  -1   7   0  -4  -1  -1  -2  -1  -4  -5  -1  -3  -4  -3   0  -1  -5  -3  -4    0   0  96   1   0   1   0   0   0   1   0   2   0   0   0   0   0   0   0   0  1.39 0.20
  153 H    -3  -2   1  -2  -4  -1  -1  -3   9  -4  -4  -2  -3  -2  -4  -2  -3  -3   2  -4    0   0   5   1   0   0   0   0  87   0   0   0   0   0   0   0   0   0   7   0  1.67 0.22
  154 I    -2  -4  -4  -4  -2  -4  -4  -5  -4   6   1  -4   0  -1  -4  -3  -2  -4  -2   2    0   0   0   0   0   0   0   0   0  99   0   0   1   0   0   0   0   0   0   0  1.03 0.18
  155 N    -2  -1   7   0  -3  -1  -1  -2   2  -3  -4  -1  -3  -3  -3   0   1  -4  -2  -3    0   0  79   1   0   0   0   0   5   0   0   1   0   1   0   0  12   0   0   0  1.00 0.17
  156 S     0  -1   3  -1  -2  -1  -1   0  -1  -4  -4  -1  -3  -4  -2   5   0  -4  -3  -3    0   0  18   0   0   0   0   2   0   0   0   0   0   0   0  78   1   0   0   0  0.74 0.15
  157 C    -2  -4  -4  -5  10  -4  -5  -4  -4  -3  -3  -4  -3  -2  -4  -2  -2  -4  -2  -2    0   0   0   0  96   0   0   0   0   0   0   0   0   1   0   1   0   0   1   0  2.27 0.24
  158 I    -2  -4  -4  -4  -2  -4  -4  -5  -4   6   1  -4   0  -1  -4  -3  -2  -4  -2   2    0   0   0   0   0   0   0   0   0  92   1   0   0   0   0   0   0   0   0   6  0.93 0.16
  159 D    -3  -3   1   7  -5  -1   2  -2  -1  -4  -5  -2  -4  -5  -3  -1  -2  -5  -4  -4    0   0   2  90   0   0   7   0   1   0   0   0   0   0   0   0   0   0   0   0  1.37 0.18
  160 S     0  -1   2  -1  -1  -1  -1  -1  -2  -3  -3  -1  -2  -3  -2   5   1  -4  -3  -2    0   1  13   0   1   0   0   2   0   1   0   0   0   0   0  80   1   0   0   0  0.71 0.15
  161 Y    -3  -3  -3  -4  -4  -3  -3  -4   1  -3  -2  -3  -2   2  -4  -3  -3   1   9  -3    0   0   0   0   0   0   0   0   0   0   0   0   0   0   0   1   0   0  98   0  1.78 0.23
  162 F    -2  -3  -4  -4  -2  -3  -4  -4  -3   1   5  -3   1   2  -4  -3  -2  -2  -1   0    0   0   0   0   0   0   0   0   0   0  90   0   0   7   0   0   0   0   0   1  0.76 0.13
  163 R    -2   5  -1  -1  -2   3   0  -2   4  -4  -3   1  -2  -3  -3  -1  -2  -3   0  -3    0  52   0   2   1  21   2   1  18   0   0   0   0   0   0   0   0   0   2   0  0.71 0.13
  164 S     0  -2  -1  -1  -2  -1  -1  -1  -2  -3  -3  -1  -2   0  -2   5   0  -3   1  -2    2   0   0   0   0   0   0   0   0   0   0   0   0   5   0  85   0   0   6   0  0.71 0.16
  165 Y    -2   0  -1  -1  -4   6   3  -3   1  -4  -3   0  -2  -4  -2  -1  -1  -3  -1  -3    0   2   0   0   0  72  18   0   3   0   0   1   0   0   1   0   1   0   1   0  0.95 0.16
  166 I    -2  -4  -4  -4  -2  -4  -4  -4  -4   6   1  -3   0  -1  -4  -3  -1  -3  -2   2    0   0   0   0   0   0   0   0   0  91   2   0   0   0   0   0   2   0   0   4  0.86 0.15
  167 C    -1   1  -1  -3   8  -2  -3   0  -1  -3  -2  -2  -2  -1  -3   1  -1   1  -1  -2    0  12   1   0  53   0   0   6   2   0   0   0   0   3   0  17   1   2   1   0  0.83 0.13
  168 I    -2  -4  -4  -4  -2  -4  -4  -5  -4   6   1  -4   1  -1  -4  -3  -2  -4  -2   2    0   0   0   0   0   0   0   0   0  94   1   0   1   0   0   1   0   0   0   1  0.91 0.16
  169 D    -2  -2   1   7  -4  -1   1  -1  -1  -4  -4  -1  -4  -4  -2  -1  -2  -5  -4  -4    1   0   5  82   0   0   6   3   1   0   0   0   0   0   0   0   0   0   0   0  1.16 0.15
  170 N     0  -1   1  -1  -2  -1  -1  -1  -2  -2  -3  -1  -2  -3  -1   4   3  -3  -2  -2    1   1   5   0   0   0   0   2   0   1   0   1   0   0   1  63  24   0   0   0  0.54 0.12
  171 N    -2  -2  -1  -2  -1  -2  -2  -3   3  -3  -2  -2  -2   1  -2   2  -1   0   7  -2    0   1   1   1   1   0   0   0   9   0   0   0   0   1   1  24   1   0  59   0  0.77 0.14
  172 F    -2  -4  -4  -4  -2  -3  -4  -4  -4   6   1  -3   2   0  -3  -3  -1  -3  -2   2    0   0   0   0   0   0   0   0   0  83   1   0   4   4   0   1   2   0   0   4  0.72 0.14
  173 L    -1  -2  -3  -3  -2  -2  -2  -2  -3   1   3  -2   1   0  -3   0  -1  -2  -1   2    0   0   0   0   0   0   1   2   0   3  53   0   0   3   0  15   0   0   0  21  0.30 0.08
  174 I     0   0   1  -1  -2  -1  -1   1  -2  -2  -3  -1  -2  -3  -2   5   1  -3  -2  -2    0   4   4   0   0   0   0  12   0   2   0   1   0   0   0  69   6   0   0   0  0.53 0.12
  175 D    -1  -2   1   3  -3  -1  -1   5  -2  -4  -4  -2  -3  -4  -2   1  -1  -3  -3  -3    0   1   4  22   0   0   1  54   0   0   0   0   0   0   0  16   0   0   0   0  0.68 0.10
  176 S     0  -2   1  -1  -2  -1  -1  -1  -2  -1  -3  -1  -2  -3  -2   5   1  -4  -3  -2    0   0   3   0   0   0   0   2   0   5   0   0   0   0   0  83   5   0   0   0  0.68 0.15
  177 N    -2  -2   2   6  -4   0   1  -1   1  -3  -4  -1  -3  -3  -2  -1  -1  -4  -2  -2    1   0  10  66   0   1   7   2   5   0   0   0   0   0   0   2   1   0   1   3  0.80 0.12
  178 N    -2  -1   7   0  -3  -1  -1  -1   0  -4  -4   1  -3  -4  -3   0  -1  -4  -2  -4    0   1  82   1   0   0   1   0   1   0   0   8   0   0   0   2   0   0   1   0  1.02 0.16
  179 F    -2  -2  -2  -3   0  -2  -2  -3   2  -2  -2  -2  -2   2  -3   0  -2   1   8  -2    1   0   0   1   3   0   0   1   3   0   1   0   0   2   1  11   0   0  74   0  1.03 0.16
  180 N     0  -1   3  -1  -2  -1  -1   0  -1  -2  -3  -1  -2  -3  -2   5   0  -4  -2  -2    0   1  21   0   0   0   0   5   0   3   0   0   0   0   0  68   0   0   1   0  0.58 0.13
  181 E    -2  -2   2   6  -4  -1   2  -2  -1  -3  -4   0  -3  -3  -2  -1  -2  -4  -1  -3    1   0   8  70   0   1  10   0   1   1   0   3   0   0   0   1   0   0   3   1  0.89 0.12
  182 S     0  -1   2  -1  -2  -1  -1  -1  -1  -3  -3  -1  -2  -3  -2   5   1  -4  -3  -3    0   1   9   0   0   0   0   0   1   1   0   0   0   0   0  87   1   0   0   0  0.80 0.16
  183 Y    -3  -3  -3  -3  -4  -3  -3  -4   1  -3  -2  -3  -2   2  -4  -2  -3   1   8  -2    0   0   1   1   0   0   0   0   0   0   0   0   0   1   0   2   0   0  95   0  1.64 0.22
  184 I    -2  -4  -4  -4  -2  -4  -4  -4  -4   6   1  -3   1   2  -4  -2  -2  -3  -1   2    0   0   0   0   0   0   0   0   0  83   2   0   1   8   0   2   0   0   0   3  0.73 0.14
  185 Y    -2  -3  -2  -3  -2  -2  -3  -3   1  -2  -2  -3  -2   2  -4   1  -2   1   8  -2    0   0   1   0   0   0   0   0   1   0   3   0   0   1   0  15   0   0  79   0  1.18 0.18
  186 N     0   2   3  -1  -2  -1  -1  -1  -1  -3  -3  -1  -2  -3  -2   5   0  -4  -3  -3    0  13  15   0   0   0   0   1   0   1   0   0   0   0   0  69   1   0   0   0  0.59 0.13
  187 F    -1  -2  -2  -3   0  -2  -2  -3   0  -2  -2  -2  -2   4  -3   2  -1   0   6  -2    2   0   0   0   3   0   0   0   1   0   0   0   0  16   0  27   0   0  52   0  0.74 0.14
  188 I    -2  -4  -4  -4  -2  -4  -4  -5  -4   6   1  -3   0  -1  -4  -3  -2  -4  -2   2    0   0   0   0   0   0   0   0   0  92   0   1   0   0   0   1   0   0   0   6  0.90 0.16
  189 C    -2  -5  -4  -5  10  -4  -5  -3  -4  -2  -2  -4  -2   2  -4  -2  -2   2  -1  -2    0   0   0   0  83   0   0   0   0   0   1   0   0  10   0   1   0   3   2   0  1.81 0.21
  190 S     0  -2   1   1  -3  -2  -2   5  -1  -4  -4  -2  -3  -4  -2   2   0  -2  -3  -3    1   1   4   9   0   0   0  59   1   0   0   0   0   0   0  20   3   1   0   0  0.69 0.10
  191 E    -2   0  -1   1  -4   2   6  -2  -1  -4  -4   2  -3  -4  -1  -1  -1  -3  -2  -3    0   0   0   1   0   4  76   1   0   0   0  13   0   0   1   0   1   0   1   0  0.87 0.14
  192 S     0   1   0  -1  -1  -1  -1   2  -1  -2  -3  -1  -2  -3  -2   4   0  -3  -3  -2    0   8   2   2   0   0   1  13   0   2   0   1   0   0   0  67   0   0   0   2  0.48 0.12
  193 G    -1   3  -1  -2  -3   0   0   3  -2  -1  -1   0  -1  -2  -2  -1  -1  -3  -2   0    0  32   0   0   0   2   6  34   0   4   5   1   0   1   1   1   2   0   0  12  0.29 0.07
  194 K    -2  -1   6   0  -3  -1  -1  -1  -1  -3  -4   1  -3  -4  -2   1   0  -4  -3  -3    0   1  73   0   0   0   1   0   0   1   0   8   0   0   0  10   5   0   0   0  0.87 0.14
  195 I     0   0   2   0   0  -1  -1   0  -1  -1  -3  -1  -2  -3  -2   4   0  -2  -2  -1    0   5  10   2   2   0   0   6   0   5   1   0   0   0   0  64   1   1   0   2  0.41 0.11
  196 R     0   0   2  -1  -2  -1   0   0  -1  -2  -3  -1  -2  -3  -2   5   1  -4  -3  -2    0   4  12   1   0   0   2   5   0   3   0   1   0   0   0  70   2   0   0   0  0.53 0.12
  197 E    -1  -1   0   2  -4   1   5  -2  -1  -4  -4   1  -3  -4  -2   0  -1  -4  -3  -3    1   0   1  10   0   3  70   1   0   0   0   9   0   0   0   4   0   0   0   0  0.79 0.12
  198 S     0   1   3  -1  -2  -1  -1   0  -1  -3  -3   0  -2  -3  -2   4   1  -3  -2  -2    0  10  18   1   0   0   0   6   1   1   0   1   0   0   0  57   3   0   0   0  0.45 0.10
  199 K    -1   0   0   1  -3   1   4   2  -1  -4  -3   1  -2  -4  -2   0  -1  -3  -3  -3    3   4   2   2   0   5  51  18   0   0   0  11   0   0   0   2   1   0   0   0  0.49 0.09
  200 N     0   0   2   0  -1  -1  -1   2  -1  -3  -3  -1  -2  -3  -2   4   0  -3  -3  -2    0   5  14   4   1   0   1  15   1   1   0   1   0   0   0  57   0   0   0   1  0.44 0.10
  201 Y     1  -2  -1  -1  -2  -1  -1  -1  -2  -2  -2  -1  -2   0  -2   5   1  -3   1  -2    5   0   0   0   0   0   1   0   0   1   1   0   0   6   0  78   2   0   6   0  0.58 0.14
  202 K     0  -1   2   1  -2  -1  -1   2  -2  -3  -3   0  -2  -3  -2   4   0  -4  -3  -3    0   3  10   5   0   0   0  15   0   0   0   3   0   0   0  62   1   0   0   0  0.49 0.11
  203 I    -2  -1  -3  -4  -2  -3  -3  -4  -4   6   1  -2   1  -1  -3  -2  -1  -3  -2   2    0   5   0   0   0   0   0   1   0  80   7   2   1   0   0   1   1   0   0   1  0.60 0.13
  204 R    -2   5  -1  -2  -3   2   0  -3  -1  -1  -2   3  -2  -3  -2   0  -1  -3  -2  -2    1  55   1   0   0   7   0   0   0   8   0  21   0   0   0   5   3   0   0   0  0.60 0.11
  205 T    -1  -2   0  -2  -2  -1  -2  -2  -2   0  -2  -2  -1  -3   0   1   6  -3  -3  -1    0   1   4   0   0   0   0   0   0   7   1   0   0   0   3   3  80   0   0   0  0.72 0.15
  206 N     0   2   1   0  -2  -1  -1   0   1  -1  -2   0  -2  -2  -2   4   0  -3  -2  -2    1  14   8   2   0   0   0   5   4   5   1   0   0   1   1  57   1   0   0   1  0.36 0.10
  207 R     1   0  -1  -2  -2  -1  -1   0  -2  -1  -2  -1   0  -3   0   1   4  -1  -2  -1   12   5   1   0   0   0   2   6   0   2   0   2   4   0   4   4  56   1   0   1  0.36 0.10
  208 N    -2  -1   6   3  -3   0   0  -1  -1  -4  -4   1  -3  -4  -2   0  -1  -4  -3  -3    2   0  63  16   0   4   2   0   0   0   0   8   0   0   0   4   1   0   0   0  0.77 0.13
  209 R    -1  -1   0   3  -3  -1   0   4  -2  -4  -3  -1  -3  -4  -2   0  -1  -3  -3  -3    2   4   2  22   0   1   3  51   0   0   2   1   0   0   1   8   1   0   0   1  0.57 0.08
  210 S     0  -1   1  -1  -2  -1  -1  -1  -2  -1  -3  -1  -2  -3  -2   5   1  -4  -3  -2    0   2   5   0   0   0   0   2   0   6   0   1   1   0   0  79   3   0   0   0  0.61 0.14
  211 N    -2  -2   2   7  -4  -1   1  -2  -1  -2  -3  -2  -3  -4  -2  -1  -1  -5  -3  -3    1   0   6  81   0   0   1   1   1   3   2   0   0   0   0   0   2   0   1   0  1.06 0.15
  212 L    -2  -1  -4  -4  -2  -3  -3  -4  -3   1   4  -3   1   4  -3  -3  -2  -2   0   0    0   3   0   0   0   0   1   0   0   3  68   0   0  21   1   1   1   0   0   0  0.53 0.10
  213 I    -1  -2   2  -1  -2  -1   1  -1  -1   0  -2  -1   0  -3  -2   0   5  -3  -2  -1    0   0  12   0   0   0  11   2   1   5   0   1   3   0   0   1  64   0   0   0  0.50 0.12
  214 S     0   2   2  -1  -2  -1  -1  -1  -1  -3  -3   0  -2  -3  -2   4   0  -4  -3  -3    0  17   8   1   0   0   1   3   0   1   0   2   0   0   0  67   0   0   0   0  0.54 0.13
  215 S     0  -2   0  -1  -2  -1  -1  -1  -2  -3  -3  -1  -2  -3  -2   5   0  -3   1  -3    2   0   1   1   0   0   0   1   0   0   0   0   0   0   0  89   1   0   6   0  0.79 0.17
  216 K    -2  -1   7   1  -4  -1  -1  -2  -1  -4  -4   1  -3  -4  -3   0   1  -5  -3  -4    0   0  84   2   0   0   1   0   0   0   0   7   0   0   0   1   6   0   0   0  1.10 0.17
  217 D    -3  -2   2   7  -5  -1   1  -2  -1  -4  -5  -2  -4  -4  -3  -1  -2  -5  -3  -4    0   0   9  87   0   0   2   0   1   0   0   0   0   0   0   0   0   0   1   1  1.29 0.17
  218 F    -2  -3  -4  -4  -1  -3  -3  -4  -3   1   4  -3   1   3   0  -2  -2  -2  -1   0    0   0   0   0   1   0   0   0   0   4  72   0   0  13   5   4   0   0   1   0  0.52 0.10
  219 D    -2  -2   1   7  -4  -1   1  -2  -2  -4  -5  -2  -4  -4  -3  -1  -2  -5  -2  -4    0   0   5  85   0   0   6   1   0   0   0   0   0   0   0   0   0   0   2   0  1.22 0.16
  220 I     0  -2  -3  -2  -2  -2   0  -1  -3   3   1  -2   0  -1  -3  -2  -1  -3  -2   4    5   2   0   1   0   0   9   5   0  16   7   0   0   1   0   1   1   0   0  51  0.26 0.08
  221 T    -1  -2   3  -1  -2  -1  -2  -2  -2  -1  -2  -1  -2  -3  -2   1   6  -4  -3  -1    1   0  16   0   0   0   0   0   0   2   0   1   0   0   0   1  79   0   0   0  0.79 0.16
  222 Q    -2   0  -1  -1  -4   7   1  -3  -1  -4  -3   3  -2  -4  -2  -1  -2  -3  -3  -3    0   0   0   0   0  77   2   0   0   0   0  19   0   0   1   1   0   0   0   0  1.03 0.18
  223 N    -2   1   0  -1  -4   0   0  -3  -2  -4  -4   6  -2  -4  -2  -1  -2  -4  -3  -3    0   1   4   1   0   1   0   0   0   0   0  93   0   0   0   0   0   0   0   0  1.01 0.17
  224 Y    -3  -3  -3  -5  -4  -3  -3  -4   1  -3  -2  -3  -2   2  -4  -3  -3   1   9  -3    0   0   0   0   0   0   0   0   0   0   0   0   0   0   0   0   0   0 100   0  1.84 0.24
  225 N    -2   6   0  -2  -4   0  -1  -3  -1  -4  -3   3  -2  -4  -3  -1  -2  -4  -3  -3    0  75   3   0   0   0   0   0   0   0   0  20   0   0   0   2   0   0   0   0  1.01 0.15
  226 Q    -3  -1   0  -2  -4   0  -1  -3  10  -4  -4  -2  -3  -3  -3  -2  -3  -4   0  -4    0   1   0   1   0   3   0   0  94   1   0   0   0   0   0   0   1   0   0   0  1.82 0.23
  227 L    -2  -3  -4  -5  -2  -3  -4  -5  -4   1   5  -3   1   0  -4  -3  -2  -3  -2   0    0   0   0   0   0   0   0   0   0   0 100   0   0   0   0   0   0   0   0   0  0.92 0.15
  228 W    -4  -4  -5  -6  -4  -4  -5  -4  -4  -4  -3  -5  -3  -1  -5  -4  -4  12   1  -5    0   0   0   0   0   0   0   0   0   0   0   0   0   0   0   0   0 100   0   0  3.56 0.30
  229 I    -1  -4  -4  -4  -2  -3  -4  -4  -4   3   0  -3   0  -2  -3  -3  -1  -4  -2   5    0   0   0   0   0   0   0   0   0  18   0   0   1   0   0   0   0   0   0  81  0.75 0.14
  230 Q    -2   0  -1  -1  -4   7   2  -3  -1  -4  -3   0  -2  -5  -3  -1  -2  -3  -3  -4    0   0   0   0   0  95   5   0   0   0   0   0   0   0   0   0   0   0   0   0  1.37 0.22
  231 C    -2  -5  -4  -5  11  -4  -5  -4  -5  -3  -3  -5  -3  -4  -4  -2  -2  -4  -4  -2    0   0   0   0 100   0   0   0   0   0   0   0   0   0   0   0   0   0   0   0  2.47 0.26
  232 D    -2  -1  -1   1  -5   1   7  -3  -1  -4  -4   0  -3  -4  -2  -1  -2  -4  -3  -4    0   0   0   2   0   0  98   0   0   0   0   0   0   0   0   0   0   0   0   0  1.29 0.19
  233 N    -3  -2   7   1  -4  -1  -1  -2  -1  -3  -4  -1  -3  -4  -3   0  -1  -5  -3  -4    0   0  91   2   0   0   0   0   0   2   0   2   0   0   0   3   1   0   0   0  1.23 0.19
  234 C    -2  -5  -4  -5  11  -4  -5  -4  -5  -3  -3  -5  -3  -4  -4  -2  -2  -4  -4  -2    0   0   0   0 100   0   0   0   0   0   0   0   0   0   0   0   0   0   0   0  2.47 0.26
  235 Y    -3  -3  -3  -5  -4  -3  -3  -4   1  -3  -2  -3  -2   2  -4  -3  -3   1   9  -3    0   0   0   0   0   0   0   0   0   0   0   0   0   1   0   0   0   0  99   0  1.83 0.24
  236 G     0  -3  -1  -2  -4  -3  -3   7  -3  -5  -5  -3  -4  -4  -3  -1  -3  -4  -4  -4    2   0   0   0   0   0   1  97   0   0   0   0   0   0   0   0   0   0   0   0  1.48 0.17
  237 L    -2  -3  -4  -5  -2  -3  -4  -5  -4   1   5  -3   1   0  -4  -3  -2  -3  -2   0    0   0   0   0   0   0   0   0   0   0 100   0   0   0   0   0   0   0   0   0  0.92 0.15
  238 M    -3  -2   7   0  -4  -1  -1  -2  -1  -3  -4  -1  -1  -4  -3  -1  -1  -5  -3  -4    0   0  97   0   0   0   0   0   0   1   0   0   2   0   0   0   0   0   0   0  1.39 0.21
  239 Y    -3  -3  -3  -5  -4  -3  -3  -4   1  -3  -2  -3  -2   2  -4  -3  -3   1   9  -3    0   0   0   0   0   0   0   0   0   0   0   0   0   0   0   0   0   0 100   0  1.84 0.24
  240 K    -2   1  -1  -2  -4   0   0  -3  -2  -4  -4   6  -2  -4  -2  -1  -2  -4  -3  -3    0   1   1   0   0   0   0   0   0   0   0  98   0   0   0   0   0   0   0   0  1.11 0.19
  241 K    -2   2  -1  -2  -4   0   0  -3  -2  -4  -4   6  -2  -4  -2  -1  -2  -4  -3  -3    0   2   0   0   0   0   0   0   0   0   0  98   0   0   0   0   0   0   0   0  1.12 0.19
  242 V    -3  -4  -4  -4  -3  -4  -4  -4  -2   1   1  -4   0   7  -4  -2  -3   0   2   0    0   0   0   0   0   0   0   0   0   8   9   0   0  76   0   3   0   0   0   5  0.96 0.15
  243 K    -2   2  -1  -2  -4   1   0  -3  -2  -4  -4   6  -2  -4  -2  -1  -2  -4  -3  -3    0   4   0   0   0   1   0   0   0   0   0  95   0   0   0   0   0   0   0   0  1.08 0.18
  244 M    -2  -3  -4  -4  -3  -2  -3  -4  -3   1   2  -3   9  -1  -4  -3  -2  -3  -2   0    0   0   0   0   0   0   0   0   0   3   8   0  88   0   0   0   1   0   0   0  1.26 0.22
  245 N    -3  -2   7   1  -4  -1  -1  -1   2  -4  -5  -1  -3  -4  -3   0  -1  -5  -1  -4    0   0  90   2   0   0   0   1   4   0   0   0   0   0   0   1   0   0   2   0  1.26 0.19
  246 V    -2  -4  -4  -4  -2  -4  -4  -5  -4   6   1  -4   0  -1  -4  -3  -2  -4  -2   2    0   0   0   0   0   0   0   0   0  88   7   0   0   0   0   0   0   0   0   5  0.86 0.15
  247 C    -2  -5  -4  -5  11  -4  -5  -4  -5  -3  -3  -5  -3  -4  -4  -2  -2  -4  -4  -2    0   0   0   0 100   0   0   0   0   0   0   0   0   0   0   0   0   0   0   0  2.47 0.26
  248 E    -2  -1  -1   1  -5   1   7  -3  -1  -4  -4   0  -3  -4  -2  -1  -2  -4  -3  -4    0   0   0   1   0   0  99   0   0   0   0   0   0   0   0   0   0   0   0   0  1.30 0.20
  249 Q    -2   0  -1  -2  -4   7   1  -3   5  -4  -3   0  -2  -4  -3  -1  -2  -3  -1  -4    0   0   0   0   0  82   1   0  16   0   0   0   0   0   0   0   0   0   1   0  1.17 0.20
  250 C    -2  -5  -4  -5  11  -4  -5  -4  -5  -3  -3  -5  -3  -4  -4  -2  -2  -4  -4  -2    0   0   0   0 100   0   0   0   0   0   0   0   0   0   0   0   0   0   0   0  2.47 0.26
  251 G    -1  -3  -1  -2  -4  -3  -3   7  -3  -4  -5  -3  -4  -4  -3  -1  -3  -4  -4  -4    0   0   0   0   0   0   1  99   0   1   0   0   0   0   0   0   0   0   0   0  1.51 0.17
  252 H    -3  -3  -3  -4   3  -3  -3  -4   3  -3  -2  -3  -2   2  -4  -2  -3   1   8  -2    0   0   0   0   8   0   0   0   5   0   0   0   0   1   0   2   0   1  83   0  1.39 0.20
  253 Y    -3  -2  -1  -3  -4  -1  -1  -3  10  -4  -4  -2  -3  -2  -4  -2  -3  -3   3  -4    0   0   0   0   0   0   0   0  92   0   0   0   0   0   0   0   0   0   8   0  1.84 0.23
  254 L    -2  -3  -4  -5  -2  -3  -4  -5  -4   1   5  -3   1   0  -4  -3  -2  -3  -2   0    0   0   0   0   0   0   0   0   0   0 100   0   0   0   0   0   0   0   0   0  0.92 0.15
  255 K    -2   1  -1  -2  -4   1   0  -3  -2  -4  -4   6  -2  -4  -2  -1  -2  -4  -3  -3    0   0   0   0   0   2   0   0   0   0   0  98   0   0   0   0   0   0   0   0  1.12 0.19
  256 M    -2  -3  -4  -5  -3  -2  -3  -4  -3   1   1  -3   9  -1  -4  -3  -2  -3  -2   0    0   0   0   0   0   0   0   0   0   5   0   0  95   0   0   0   0   0   0   0  1.41 0.24
  257 S     0  -2   1  -1  -2  -1  -1  -1  -2  -3  -4  -1  -3  -4  -2   6   0  -4  -3  -3    0   0   5   0   0   0   0   0   0   1   0   0   0   0   0  93   0   0   0   0  0.88 0.18
  258 S     0  -2   0  -1  -2  -1  -1  -1  -2  -4  -4  -1  -3  -4  -2   6   0  -4  -3  -3    0   0   0   0   0   0   0   0   0   0   0   0   0   0   0 100   0   0   0   0  1.00 0.19
  259 S     0  -2   0  -1  -2  -1  -1  -1  -2  -3  -3  -1  -2  -1  -2   6   0  -4  -2  -3    0   0   0   0   0   0   0   0   0   0   2   0   0   3   0  95   0   0   0   0  0.87 0.18
  260 E    -3  -3   0   7  -5  -1   2  -2  -2  -4  -5  -2  -4  -5  -3  -1  -2  -5  -4  -4    1   0   0  91   0   0   9   0   0   0   0   0   0   0   0   0   0   0   0   0  1.39 0.18
  261 R    -3   7  -2  -3  -5   0  -1  -4  -1  -4  -3   1  -3  -4  -3  -2  -2  -4  -3  -4    0 100   0   0   0   0   0   0   0   0   0   0   0   0   0   0   0   0   0   0  1.45 0.20
  262 I    -2  -4  -4  -4  -2  -4  -4  -5  -4   6   1  -4   0  -1  -4  -3  -2  -4  -2   2    0   0   0   0   0   0   0   0   0  99   1   0   0   0   0   0   0   0   0   0  1.04 0.18
  263 E    -2  -1  -1   1  -5   1   7  -3  -1  -4  -4   0  -3  -4  -2  -1  -2  -4  -3  -4    0   0   0   2   0   0  98   0   0   0   0   0   0   0   0   0   0   0   0   0  1.29 0.19
  264 L    -2  -3  -4  -5  -2  -3  -4  -5  -4   1   5  -3   1   0  -4  -3  -2  -3  -2   0    0   0   0   0   0   0   0   0   0   0  96   0   0   1   0   1   0   0   0   2  0.84 0.15
  265 L     0  -2  -1  -2  -2  -1  -2  -2  -2  -1   2  -2  -1  -2  -2   4   0  -3  -2  -1    0   0   0   0   0   0   0   0   0   0  35   0   0   0   1  64   0   0   0   0  0.46 0.13
  266 I    -2  -4  -4  -4  -2  -4  -4  -5  -4   6   1  -4   0  -1  -4  -3  -2  -4  -2   3    0   0   0   0   0   0   0   0   0  89   1   0   0   0   0   1   0   0   0  10  0.88 0.16
  267 D    -3  -3   0   7  -5  -1   1  -2  -2  -4  -5  -2  -4  -5  -3  -1  -2  -6  -4  -4    0   0   0 100   0   0   0   0   0   0   0   0   0   0   0   0   0   0   0   0  1.59 0.20
  268 P    -2  -1  -3  -2  -4  -1  -2  -3  -3  -4  -4  -2  -3  -5   8   0  -2  -5  -4  -3    0   3   0   0   0   1   1   0   0   0   1   0   0   0  87   7   1   0   0   0  2.02 0.19
  269 G    -1  -3  -1   0  -4  -3  -3   6  -3  -5  -5  -2  -4  -4  -3  -1  -3  -4  -4  -4    0   0   0   5   0   0   0  94   0   0   0   0   0   0   0   1   0   0   0   0  1.38 0.16
  270 T    -1  -2  -1  -2  -2  -2  -2  -3  -3  -2  -2  -2  -2  -3  -2   0   7  -4  -3  -1    0   0   0   0   0   0   0   0   0   0   0   0   0   0   0   0 100   0   0   0  1.14 0.20
  271 W    -4  -4  -5  -6  -4  -4  -5  -4  -4  -4  -3  -5  -3  -1  -5  -4  -4  12   1  -5    0   0   0   0   0   0   0   0   0   0   0   0   0   0   0   0   0 100   0   0  3.56 0.30
  272 N    -2  -2   3   6  -4  -1   1  -2   1  -4  -4  -1  -3  -4  -2  -1  -2  -5  -3  -3    3   0  21  64   0   0   5   1   5   0   0   0   0   0   0   0   0   0   0   1  0.90 0.13
  273 P    -1  -3  -3  -3  -4  -3  -2  -3  -3  -4  -4  -2  -4  -5   8  -2  -2  -5  -4  -4    2   0   0   0   0   0   0   0   0   0   0   0   0   0  98   0   0   0   0   0  2.44 0.22
  274 M    -2  -2  -4  -5  -3  -2  -3  -4  -3   0   1  -3   9  -1  -4  -3  -2  -3  -2   0    0   0   0   0   0   0   0   0   0   2   5   0  93   0   0   0   0   0   0   1  1.36 0.23
  275 D    -3  -3   2   7  -5  -1   0  -2  -2  -4  -5  -2  -4  -4  -3  -1  -2  -5  -2  -4    0   0   7  91   0   0   0   0   0   0   0   0   0   0   0   0   0   0   2   0  1.37 0.18
  276 E    -2  -1  -1   2  -5   1   6  -3  -1  -4  -4   0  -3  -4  -2  -1  -2  -4  -3  -4    0   0   0   7   0   0  92   0   0   0   0   0   0   0   0   0   0   0   0   0  1.20 0.18
  277 D    -3  -3   1   7  -5  -1   1  -2  -2  -4  -5  -2  -4  -5  -3  -1  -2  -5  -4  -4    0   0   2  96   0   0   1   1   0   0   0   0   0   0   0   0   0   0   0   0  1.50 0.19
  278 M    -2  -3  -4  -5  -3  -2  -3  -4  -3   0   1  -3   9  -1  -4  -3  -2  -3  -2   0    0   0   0   0   0   0   0   0   0   1   0   0  98   0   0   0   0   0   0   1  1.51 0.25
  279 V    -1  -4  -4  -4  -2  -3  -4  -4  -4   2   0  -3   0  -1  -3  -3  -1  -4  -2   6    1   0   0   0   0   0   0   1   0   2   1   0   0   1   0   0   0   0   0  95  0.83 0.16
  280 S     0  -2   0  -1  -2  -1  -1  -1  -2  -4  -4  -1  -3  -3  -2   6   0  -4  -3  -3    0   0   0   0   0   0   0   0   0   0   0   0   0   0   0 100   0   0   0   0  0.99 0.19
  281 A    -1  -3  -4  -4  -2  -3  -3  -3  -3   2   4  -3   3   0  -3  -3  -1  -2  -2   1    3   0   0   0   0   0   0   1   0   8  69   0   9   0   0   0   3   0   0   7  0.52 0.10
  282 D    -3  -3   0   7  -5  -1   1  -2  -2  -4  -5  -2  -4  -5  -3  -1  -2  -6  -4  -4    0   0   1  99   0   0   0   0   0   0   0   0   0   0   0   0   0   0   0   0  1.58 0.20
  283 P    -2  -3  -3  -3  -4  -3  -2  -3  -3  -4  -4  -2  -4  -5   8  -2  -2  -5  -4  -4    0   0   0   0   0   0   0   0   0   0   0   0   0   0  99   0   1   0   0   0  2.51 0.22
  284 I    -2  -4  -4  -4  -2  -4  -4  -5  -4   6   1  -4   0  -1  -4  -4  -2  -4  -2   2    0   0   0   0   0   0   0   0   0 100   0   0   0   0   0   0   0   0   0   0  1.05 0.18
  285 K    -2  -1  -1   1  -5   2   6  -1  -1  -4  -4   0  -3  -4  -2  -1  -2  -4  -3  -4    0   0   0   1   0   3  90   4   0   0   0   2   0   0   0   0   0   0   0   0  1.10 0.17
  286 F    -3  -4  -4  -5  -4  -4  -5  -4  -2  -1  -1  -4  -1   8  -5  -4  -3   0   2  -2    0   0   0   0   0   0   0   0   0   0   0   0   0 100   0   0   0   0   0   0  1.60 0.21
  287 H    -3  -2   0  -1  -4   0  -1  -3   9  -5  -4  -2  -3  -3  -3  -2  -3  -4   1  -4    0   0   3   3   0   1   0   0  91   0   0   0   0   0   1   0   0   0   1   0  1.75 0.23
  288 S     0  -2   0  -1  -2  -1  -1  -1  -2  -3  -1  -1  -2  -3  -2   6   0  -4  -3  -3    0   0   0   0   0   0   0   0   0   0   6   0   0   0   0  94   0   0   0   0  0.85 0.18
  289 K    -2   0  -1   1  -5   1   6  -2  -1  -4  -4   0  -3  -4  -2  -1  -2  -4  -3  -4    1   2   0   3   0   1  91   1   0   0   0   2   0   0   0   0   0   0   0   0  1.13 0.17
  290 E    -2  -1  -1   1  -5   1   7  -3  -1  -4  -4   0  -3  -4  -2  -1  -2  -4  -3  -4    1   0   0   0   0   0  98   1   0   0   0   1   0   0   0   0   0   0   0   0  1.27 0.19
  291 E    -2  -1  -1   1  -5   1   7  -3  -1  -4  -4   0  -3  -4  -2  -1  -2  -4  -3  -4    0   0   0   1   0   0  99   0   0   0   0   0   0   0   0   0   0   0   0   0  1.31 0.20
  292 P    -1  -3  -3  -3  -4  -2  -2  -3  -3  -3  -2  -2  -3  -4   8   0  -2  -5  -4  -3    1   1   0   0   0   0   0   0   0   0   4   0   0   0  88   5   0   0   0   0  2.04 0.19
  293 Y    -3  -3  -3  -5  -4  -3  -3  -4   1  -3  -2  -3  -2   2  -4  -3  -3   1   9  -3    0   0   0   0   0   0   0   0   0   0   0   0   0   0   0   0   0   0 100   0  1.84 0.24
  294 K    -2   3  -1  -2  -4   1   0  -3  -2  -4  -3   6  -2  -4  -2  -1  -2  -4  -3  -3    0   9   1   0   0   3   0   0   0   0   0  88   0   0   0   0   0   0   0   0  0.98 0.17
  295 N    -3  -2   3   7  -5  -1   1  -2  -2  -4  -5  -1  -4  -5  -3  -1  -2  -5  -4  -4    0   0  12  85   0   0   3   0   0   0   0   1   0   0   0   0   0   0   0   0  1.28 0.17
  296 R    -3   7  -2  -3  -5   0  -1  -4  -1  -4  -3   1  -3  -4  -3  -2  -2  -4  -3  -4    0 100   0   0   0   0   0   0   0   0   0   0   0   0   0   0   0   0   0   0  1.45 0.20
  297 I    -2  -4  -4  -4  -2  -4  -4  -5  -4   6   1  -4   1  -1  -4  -3  -2  -4  -2   2    0   0   0   0   0   0   0   0   0  97   1   0   1   0   0   0   0   0   0   1  0.99 0.17
  298 D    -3  -3   1   7  -5  -1   1  -2  -2  -4  -5  -2  -4  -5  -3  -1  -2  -5  -4  -4    0   0   3  96   0   0   0   0   0   0   0   0   0   0   0   0   0   0   0   0  1.49 0.19
  299 S     0  -2   0  -1  -2  -1  -1  -1  -2  -3  -3  -1  -2   0  -2   6   0  -3  -2  -3    0   0   0   0   0   0   0   0   0   0   0   0   0   5   0  94   0   0   1   0  0.87 0.18
  300 A    -2  -3  -3  -4  -4  -3  -3  -4   1  -3  -2  -3  -2   2  -4  -3  -3   1   9  -2    3   0   0   0   0   0   0   0   0   0   0   0   0   0   0   0   0   0  97   0  1.72 0.23
  301 Q    -2   0  -1  -2  -4   8   1  -3  -1  -4  -4   0  -2  -5  -3  -1  -2  -3  -3  -4    0   0   0   0   0 100   0   0   0   0   0   0   0   0   0   0   0   0   0   0  1.47 0.23
  302 K    -2   6  -1  -2  -4   0  -1  -3  -1  -3  -3   3  -2  -4  -3  -1  -1  -4  -3  -3    0  72   1   0   0   0   0   0   0   2   1  21   0   0   0   1   3   0   0   0  0.94 0.15
  303 T    -2   1   1  -1  -4   0   0  -2  -2  -4  -3   6  -2  -4  -2  -1   0  -4  -3  -3    0   1   6   0   0   0   1   0   0   0   0  86   1   0   0   0   6   0   0   0  0.87 0.16
  304 T    -1  -2  -1  -2  -2  -2  -2  -3  -3  -1  -2  -2  -2  -3  -2   0   7  -4  -3  -1    0   0   0   0   0   0   0   0   0   1   0   0   0   0   0   0  99   0   0   0  1.10 0.20
  305 G    -1  -3  -1  -2  -4  -3  -3   7  -3  -5  -5  -3  -4  -4  -3  -1  -3  -4  -4  -4    0   0   0   0   0   0   0 100   0   0   0   0   0   0   0   0   0   0   0   0  1.56 0.18
  306 L    -2  -3  -4  -5  -2  -3  -4  -5  -4   1   5  -3   1   0  -4  -3  -2  -3  -2   0    0   0   0   0   0   0   0   0   0   0 100   0   0   0   0   0   0   0   0   0  0.92 0.15
  307 T    -1  -2  -1  -2  -2  -2  -2  -3  -3  -2  -2  -2  -2  -3   0   0   6  -4  -3  -1    0   0   0   0   0   0   0   0   0   0   0   0   0   0   3   0  97   0   0   0  1.07 0.20
  308 D    -2  -1  -1   2  -5   1   6  -3  -1  -4  -4   0  -3  -4  -2  -1  -2  -4  -3  -4    0   0   0   6   0   0  94   0   0   0   0   0   0   0   0   0   0   0   0   0  1.22 0.18
  309 A     6  -2  -3  -3  -1  -2  -2  -1  -3  -2  -3  -2  -2  -3  -2   0  -1  -4  -3  -1  100   0   0   0   0   0   0   0   0   0   0   0   0   0   0   0   0   0   0   0  0.93 0.18
  310 V    -1  -4  -4  -4  -2  -3  -4  -4  -4   3   0  -3   0  -2  -3  -3  -1  -4  -2   6    0   0   0   0   0   0   0   0   0   9   0   0   0   0   0   0   0   0   0  91  0.83 0.16
  311 Q    -2   0  -1  -2  -4   8   1  -3  -1  -4  -4   0  -2  -5  -3  -1  -2  -3  -3  -4    0   0   0   0   0 100   0   0   0   0   0   0   0   0   0   0   0   0   0   0  1.47 0.23
  312 T    -1  -2  -1  -2  -2  -2  -2  -3  -3  -2  -2  -2  -2  -3  -2   0   7  -4  -3  -1    0   0   0   0   0   0   0   0   0   0   0   0   0   0   0   0 100   0   0   0  1.14 0.20
  313 G    -1  -3  -1  -2  -4  -3  -3   7  -3  -5  -5  -3  -4  -4  -3  -1  -3  -4  -4  -4    0   0   0   0   0   0   0 100   0   0   0   0   0   0   0   0   0   0   0   0  1.56 0.18
  314 T    -1  -3  -2  -3  -2  -2  -3  -3  -3   4   0  -2   0  -2  -3  -1   4  -3  -2   1    0   0   0   0   0   0   0   0   0  51   0   0   0   0   0   0  46   0   0   2  0.55 0.13
  315 G    -1  -3  -1  -2  -4  -3  -3   7  -3  -5  -5  -3  -4  -4  -3  -1  -3  -4  -4  -4    0   0   0   0   0   0   0 100   0   0   0   0   0   0   0   0   0   0   0   0  1.56 0.18
  316 Q    -2   1  -1  -2  -4   7   1  -3   0  -4  -3   1  -2  -4  -2  -1  -2  -3  -3  -3    0   4   0   0   0  90   0   0   0   0   0   5   0   0   0   0   0   0   0   0  1.24 0.21
  317 L    -2  -3  -4  -5  -2  -3  -4  -5  -4   1   5  -3   1   0  -4  -3  -2  -3  -2   0    0   0   0   0   0   0   0   0   0   1  99   0   0   0   0   0   0   0   0   0  0.90 0.15
  318 N    -3  -1   7   0  -4  -1  -1  -2  -1  -5  -5  -1  -3  -4  -3   0  -1  -5  -3  -4    0   0  97   1   0   0   0   0   0   0   0   2   0   0   0   0   0   0   0   0  1.43 0.21
  319 G    -1  -3  -1  -2  -4  -3  -3   7  -3  -5  -5  -2  -4  -4  -3  -1  -3  -4  -4  -4    0   1   1   0   0   0   0  97   0   0   0   0   0   0   0   1   0   0   0   0  1.47 0.17
  320 I    -2  -4  -4  -4  -2  -4  -4  -5  -4   6   1  -4   0  -1  -4  -3  -2  -4  -2   2    0   0   0   0   0   0   0   0   0  99   0   0   0   0   0   0   0   0   0   1  1.04 0.18
  321 P    -2  -3  -2  -3  -4  -2  -2  -3  -3  -4  -4  -2  -4  -5   8  -1  -1  -5  -4  -3    0   0   1   0   0   0   0   0   0   0   0   0   0   0  92   4   2   0   0   0  2.20 0.20
  322 V    -1  -4  -4  -4  -2  -3  -4  -4  -4   4   1  -3   0  -1  -3  -3  -1  -4  -2   5    0   0   0   0   0   0   0   0   0  38   1   0   0   0   0   0   0   0   0  61  0.69 0.13
  323 A     6  -2  -3  -3  -1  -2  -2  -1  -3  -2  -3  -2  -2  -3  -2   1  -1  -4  -3  -1   98   0   0   0   0   0   0   0   0   0   0   0   0   0   0   2   0   0   0   0  0.89 0.17
  324 L    -2  -4  -4  -4  -2  -4  -4  -5  -4   6   1  -4   1  -1  -4  -3  -2  -4  -2   2    0   0   0   0   0   0   0   0   0  85   5   0   2   0   0   0   0   0   0   7  0.83 0.15
  325 G     0  -3  -1  -2  -4  -3  -3   7  -3  -5  -5  -3  -4  -4  -3  -1  -3  -4  -4  -4    2   0   0   0   0   0   0  98   0   0   0   0   0   0   0   0   0   0   0   0  1.50 0.17
  326 V    -1  -4  -4  -4  -2  -3  -4  -4  -4   3   0  -3   0  -2  -3  -3  -1  -4  -2   6    1   0   0   0   0   0   0   0   0   8   0   0   0   0   0   0   0   0   0  91  0.81 0.16
  327 M    -2  -3  -4  -5  -3  -2  -3  -4  -3   0   1  -3   9  -1  -4  -3  -2  -3  -2  -1    0   0   0   0   0   0   0   0   0   0   0   0 100   0   0   0   0   0   0   0  1.56 0.26
  328 D    -3  -3   0   7  -5  -1   1  -2  -2  -4  -5  -2  -4  -5  -3  -1  -2  -6  -4  -4    0   0   0 100   0   0   0   0   0   0   0   0   0   0   0   0   0   0   0   0  1.59 0.20
  329 F    -3  -4  -4  -5  -4  -4  -5  -4  -2  -1  -1  -4  -1   8  -5  -4  -3   0   2  -2    0   0   0   0   0   0   0   0   0   0   0   0   0 100   0   0   0   0   0   0  1.60 0.21
  330 R    -2   0  -1  -1  -4   7   1  -3   0  -4  -3   0  -1  -4  -3  -1  -2  -3  -3  -3    0   2   0   0   0  91   4   0   1   0   1   1   1   0   0   0   0   0   0   0  1.25 0.21
  331 F    -3  -4  -4  -5  -4  -4  -5  -4  -2  -1  -1  -4  -1   8  -5  -4  -3   0   2  -2    0   0   0   0   0   0   0   0   0   0   0   0   0 100   0   0   0   0   0   0  1.60 0.21
  332 M    -2  -3  -4  -5  -3  -2  -3  -4  -3   0   1  -3   9  -1  -4  -3  -2  -3  -2  -1    0   0   0   0   0   0   0   0   0   2   0   0  98   0   0   0   0   0   0   0  1.51 0.25
  333 G    -1  -3  -1  -2  -4  -3  -3   7  -3  -5  -5  -3  -4  -4  -3  -1  -3  -4  -4  -4    0   0   0   0   0   0   0 100   0   0   0   0   0   0   0   0   0   0   0   0  1.56 0.18
  334 G    -1  -3  -1  -2  -4  -3  -3   7  -3  -5  -5  -3  -4  -4  -3  -1  -3  -4  -4  -4    0   0   0   0   0   0   0 100   0   0   0   0   0   0   0   0   0   0   0   0  1.56 0.18
  335 S     0  -2   0  -1  -2  -1  -1  -1  -2  -4  -4  -1  -3  -4  -2   6   0  -4  -3  -3    0   0   0   0   0   0   0   0   0   0   0   0   0   0   0 100   0   0   0   0  1.01 0.19
  336 M    -2  -3  -4  -5  -3  -2  -3  -4  -3   0   1  -3   9  -1  -4  -3  -2  -3  -2  -1    0   0   0   0   0   0   0   0   0   0   0   0 100   0   0   0   0   0   0   0  1.56 0.26
  337 G    -1  -3  -1  -2  -4  -3  -3   7  -3  -5  -5  -3  -4  -4  -3  -1  -3  -4  -4  -4    0   0   0   0   0   0   0 100   0   0   0   0   0   0   0   0   0   0   0   0  1.56 0.18
  338 S     0  -2   0  -1  -1  -1  -1  -1  -2  -4  -4  -1  -3  -4  -2   6   0  -4  -3  -3    0   0   0   0   1   0   0   0   0   0   0   0   0   0   0  99   0   0   0   0  0.99 0.19
  339 V    -1  -4  -4  -4  -2  -3  -4  -4  -4   2   0  -3   0  -2  -3  -3  -1  -4  -2   6    2   0   0   0   0   0   0   0   0   0   0   0   0   0   0   0   0   0   0  98  0.89 0.17
  340 V    -1  -4  -4  -4  -2  -3  -4  -4  -4   2   0  -3   0  -2  -3  -3  -1  -4  -2   6    0   0   0   0   0   0   0   0   0   0   0   0   0   0   0   0   0   0   0 100  0.93 0.18
  341 G    -1  -3  -1  -2  -4  -3  -3   7  -3  -5  -5  -3  -4  -4  -3  -1  -3  -4  -4  -4    0   0   0   0   0   0   0 100   0   0   0   0   0   0   0   0   0   0   0   0  1.56 0.18
  342 E    -2  -1  -1   1  -5   1   7  -3  -1  -4  -4   0  -3  -4  -2  -1  -2  -4  -3  -4    0   0   0   0   0   0 100   0   0   0   0   0   0   0   0   0   0   0   0   0  1.33 0.20
  343 K    -2   1  -1  -2  -4   0   0  -3  -2  -4  -4   7  -3  -4  -2  -1  -2  -4  -3  -3    0   0   0   0   0   0   0   0   0   0   0 100   0   0   0   0   0   0   0   0  1.15 0.19
  344 I    -2  -4  -4  -4  -2  -4  -4  -5  -4   6   1  -4   0  -1  -4  -3  -2  -4  -2   2    0   0   0   0   0   0   0   0   0  99   0   0   1   0   0   0   0   0   0   0  1.04 0.18
  345 T    -1  -2  -1  -2  -2  -2  -2  -3  -3  -2  -2  -2  -2  -3  -2   0   7  -4  -3  -1    0   0   0   0   0   0   0   0   0   0   0   0   0   0   0   0 100   0   0   0  1.13 0.20
  346 R    -3   7  -2  -3  -5   0  -1  -4  -1  -4  -3   1  -3  -4  -3  -2  -2  -4  -3  -4    0 100   0   0   0   0   0   0   0   0   0   0   0   0   0   0   0   0   0   0  1.45 0.20
  347 L    -2  -3  -4  -5  -2  -3  -4  -5  -4   1   5  -3   1   0  -4  -3  -2  -3  -2   0    0   0   0   0   0   0   0   0   0   0 100   0   0   0   0   0   0   0   0   0  0.92 0.15
  348 I    -1  -4  -4  -4  -2  -4  -4  -5  -4   6   1  -4   0  -1  -4  -3  -2  -4  -2   2    3   0   0   0   0   0   0   0   0  88   0   0   0   0   0   0   0   0   0   9  0.85 0.15
  349 E    -2  -1  -1   1  -5   1   7  -3  -1  -4  -4   0  -3  -4  -2  -1  -2  -4  -3  -4    0   0   0   0   0   0 100   0   0   0   0   0   0   0   0   0   0   0   0   0  1.33 0.20
  350 Y    -3  -3  -3  -4  -4  -3  -3  -4   2  -3  -2  -3  -2   2  -4  -3  -3   1   9  -3    0   0   0   0   0   0   0   0   3   0   0   0   0   0   0   0   0   0  97   0  1.76 0.23
  351 A     6  -2  -3  -3  -1  -2  -2  -1  -3  -2  -3  -2  -2  -3  -2   0  -1  -4  -3  -1  100   0   0   0   0   0   0   0   0   0   0   0   0   0   0   0   0   0   0   0  0.93 0.18
  352 T     1  -2   0  -2  -2  -2  -2  -2  -3  -1  -2  -2  -2  -3  -2   1   6  -4  -3  -1   11   0   2   0   0   0   0   0   0   1   0   0   0   0   0   1  85   0   0   0  0.85 0.17
  353 N    -2   0   7   0  -4   0  -1  -2   1  -4  -4   2  -3  -4  -3   0  -1  -5  -3  -4    0   1  77   1   0   1   1   0   2   0   0  15   0   0   0   0   1   0   0   0  0.99 0.16
  354 Q    -2   3   0  -1  -4   4   1  -2   0  -4  -3   4  -2  -4  -2  -1  -1  -3  -2  -3    0  15   4   0   0  37   5   1   1   0   0  36   0   0   0   1   0   0   0   0  0.63 0.11
  355 C    -1  -3  -2  -3   1  -3  -3  -3  -2   0   1  -3  -1   6  -4   1  -1  -1   1  -1    2   0   1   0   4   0   0   0   0   3   9   0   0  62   0  18   1   0   0   1  0.61 0.12
  356 L    -2  -3  -4  -5  -2  -3  -4  -5  -4   1   5  -3   1   0  -4  -3  -2  -3  -2   0    0   0   0   0   0   0   0   0   0   1  99   0   0   0   0   0   0   0   0   0  0.91 0.15
  357 P    -2  -3  -3  -3  -4  -3  -2  -3  -3  -4  -4  -2  -4  -5   8  -2  -2  -5  -4  -4    0   0   0   0   0   0   0   0   0   0   0   0   0   0 100   0   0   0   0   0  2.54 0.22
  358 L    -2  -3  -4  -5  -2  -3  -4  -5  -4   1   5  -3   1   0  -4  -3  -2  -3  -2   2    0   0   0   0   0   0   0   0   0   0  87   0   0   0   0   0   0   0   0  12  0.75 0.13
  359 I    -2  -4  -4  -4  -2  -4  -4  -5  -4   6   1  -4   0  -1  -4  -3  -2  -4  -2   2    0   0   0   0   0   0   0   0   0  96   1   0   0   0   0   0   0   0   0   2  0.99 0.17
  360 L    -2  -3  -4  -4  -2  -3  -4  -5  -4   4   4  -3   2  -1  -4  -3  -2  -3  -2   1    0   0   0   0   0   0   0   0   0  48  48   0   4   0   0   0   0   0   0   0  0.62 0.11
  361 V    -1  -4  -4  -4  -2  -3  -4  -4  -4   2   0  -3   0  -2  -3  -3  -1  -4  -2   6    0   0   0   0   0   0   0   0   0   0   1   0   0   0   0   0   0   0   0  99  0.93 0.18
  362 C    -2  -5  -4  -5  11  -4  -5  -4  -5  -3  -3  -5  -3  -4  -4  -2  -2  -4  -4  -2    0   0   0   0 100   0   0   0   0   0   0   0   0   0   0   0   0   0   0   0  2.47 0.26
  363 S     6  -2  -2  -3  -1  -2  -2  -1  -3  -2  -3  -2  -2  -3  -2   1  -1  -4  -3  -1   96   0   0   0   0   0   0   0   0   0   0   0   0   0   0   4   0   0   0   0  0.87 0.17
  364 S     0  -2   0  -1  -2  -1  -1  -1  -2  -4  -4  -1  -3  -4  -2   6   0  -4  -3  -3    0   0   0   0   0   0   0   0   0   0   0   0   0   0   0 100   0   0   0   0  1.01 0.19
  365 G    -1  -3  -1  -2  -4  -3  -3   7  -3  -5  -5  -3  -4  -4  -3  -1  -3  -4  -4  -4    0   0   0   0   0   0   0 100   0   0   0   0   0   0   0   0   0   0   0   0  1.56 0.18
  366 G    -1  -3  -1  -2  -4  -3  -3   7  -3  -5  -5  -3  -4  -4  -3  -1  -3  -4  -4  -4    0   0   0   0   0   0   0 100   0   0   0   0   0   0   0   0   0   0   0   0  1.56 0.18
  367 A     6  -2  -3  -3  -1  -2  -2  -1  -3  -2  -3  -2  -2  -3  -2   0  -1  -4  -3  -1  100   0   0   0   0   0   0   0   0   0   0   0   0   0   0   0   0   0   0   0  0.93 0.18
  368 R    -3   7  -2  -3  -5   0  -1  -4  -1  -4  -3   1  -3  -4  -3  -2  -2  -4  -3  -4    0 100   0   0   0   0   0   0   0   0   0   0   0   0   0   0   0   0   0   0  1.45 0.20
  369 M    -2  -3  -4  -5  -3  -2  -3  -4  -3   0   1  -3   9  -1  -4  -3  -2  -3  -2  -1    0   0   0   0   0   0   0   0   0   1   0   0  99   0   0   0   0   0   0   0  1.54 0.25
  370 Q    -2   0  -1  -2  -4   8   1  -3  -1  -4  -4   0  -2  -5  -3  -1  -2  -3  -3  -4    0   0   0   0   0 100   0   0   0   0   0   0   0   0   0   0   0   0   0   0  1.47 0.23
  371 E    -2  -1  -1   1  -5   1   7  -3  -1  -4  -4   0  -3  -4  -2  -1  -2  -4  -3  -4    0   0   0   0   0   0 100   0   0   0   0   0   0   0   0   0   0   0   0   0  1.33 0.20
  372 G    -1  -3  -1  -2  -4  -3  -3   7  -3  -5  -5  -3  -4  -4  -3  -1  -3  -4  -4  -4    0   0   0   0   0   0   0 100   0   0   0   0   0   0   0   0   0   0   0   0  1.56 0.18
  373 S     0  -2   0  -1  -2  -1  -1  -1  -2  -3  -4  -1  -3  -4  -2   6   0  -4  -3  -3    0   0   0   0   0   0   0   0   0   1   0   0   0   0   0  99   0   0   0   0  0.99 0.19
  374 L    -2  -3  -4  -5  -2  -3  -4  -5  -4   1   5  -3   1   0  -4  -3  -2  -3  -2   0    0   0   0   0   0   0   0   0   0   0  99   0   0   0   0   0   0   0   0   1  0.91 0.15
  375 S     0  -2   0  -1  -2  -1  -1  -1  -2  -4  -4  -1  -3  -4  -2   6   0  -4  -3  -3    0   0   0   0   0   0   0   0   0   0   0   0   0   0   0 100   0   0   0   0  1.01 0.19
  376 L    -2  -3  -4  -5  -2  -3  -4  -5  -4   1   5  -3   1   0  -4  -3  -2  -3  -2   0    0   0   0   0   0   0   0   0   0   0 100   0   0   0   0   0   0   0   0   0  0.92 0.15
  377 M    -2  -3  -4  -5  -3  -2  -3  -4  -3   0   1  -3   9  -1  -4  -3  -2  -3  -2  -1    0   0   0   0   0   0   0   0   0   0   0   0 100   0   0   0   0   0   0   0  1.56 0.26
  378 Q    -2   0  -1  -2  -4   8   1  -3  -1  -4  -4   0  -2  -5  -3  -1  -2  -3  -3  -4    0   0   0   0   0 100   0   0   0   0   0   0   0   0   0   0   0   0   0   0  1.47 0.23
  379 M    -2  -3  -4  -5  -3  -2  -3  -4  -3   0   1  -3   9  -1  -4  -3  -2  -3  -2  -1    0   0   0   0   0   0   0   0   0   0   0   0 100   0   0   0   0   0   0   0  1.56 0.26
  380 A     6  -2  -3  -3  -1  -2  -2  -1  -3  -2  -3  -2  -2  -3  -2   0  -1  -4  -3  -1  100   0   0   0   0   0   0   0   0   0   0   0   0   0   0   0   0   0   0   0  0.93 0.18
  381 K    -2   1  -1  -2  -4   0   0  -3  -2  -4  -4   7  -3  -4  -2  -1  -2  -4  -3  -3    0   0   0   0   0   0   0   0   0   0   0 100   0   0   0   0   0   0   0   0  1.15 0.19
  382 I    -2  -4  -4  -4  -2  -4  -4  -5  -4   6   1  -4   0  -1  -4  -4  -2  -4  -2   2    0   0   0   0   0   0   0   0   0 100   0   0   0   0   0   0   0   0   0   0  1.05 0.18
  383 S     1  -2   0  -1  -2  -1  -1  -1  -2  -3  -4  -1  -3  -4  -2   6   0  -4  -3  -3    3   0   0   0   0   0   0   0   0   0   0   0   0   0   0  97   0   0   0   0  0.96 0.19
  384 S     1  -2   0  -1  -1  -1  -1  -1  -2  -3  -4  -1  -3  -4  -2   6   0  -4  -3  -3    3   0   0   0   1   0   0   0   0   0   0   0   0   0   0  96   0   0   0   0  0.93 0.18
  385 V     5  -2  -3  -3  -1  -2  -2  -1  -3  -2  -2  -2  -2  -3  -2   0  -1  -4  -3   0   92   0   0   0   0   0   0   0   0   0   0   0   0   0   0   1   0   0   0   7  0.77 0.16
  386 L    -2  -3  -3  -4  -2  -3  -3  -4  -3   1   5  -3   1  -1  -3   0  -2  -3  -2   0    0   0   0   0   0   0   0   0   0   1  88   0   0   0   0  12   0   0   0   0  0.66 0.13
  387 C    -3  -3  -3  -4   1  -3  -3  -4   2  -3  -2  -3  -2   2  -4  -3  -3   1   8  -2    0   0   0   0   3   0   0   0   2   0   0   0   0   2   0   0   0   0  93   0  1.63 0.22
  388 D    -3  -2   3   7  -4  -1   1  -2  -1  -4  -5  -2  -4  -4  -3  -1  -2  -5  -3  -4    0   0  13  84   0   0   1   1   0   0   0   0   0   0   0   0   0   0   1   0  1.27 0.17
  389 Y    -3  -3  -3  -5  -4  -3  -3  -4   1  -3  -2  -3  -2   2  -4  -3  -3   1   9  -3    0   0   0   0   0   0   0   0   0   0   0   0   0   1   0   0   0   0  99   0  1.83 0.24
  390 Q    -2   0  -1  -2  -4   8   1  -3  -1  -4  -4   0  -2  -5  -3  -1  -2  -3  -3  -4    0   0   0   0   0 100   0   0   0   0   0   0   0   0   0   0   0   0   0   0  1.47 0.23
  391 S     1  -2  -1  -1  -2  -1  -1  -1  -2  -2  -1  -1  -2  -1  -2   5   1  -3  -2  -2    5   1   0   0   0   0   0   0   0   1   7   0   0   3   0  79   3   0   0   1  0.58 0.14
  392 S    -3  -2   7   0  -4  -1  -1  -2   0  -4  -5  -1  -3  -4  -3   0  -1  -5  -3  -4    0   0  94   0   0   0   0   0   1   0   0   1   0   0   0   4   1   0   0   0  1.33 0.20
  393 K    -2   1  -1  -2  -4   1   0  -3  -2  -4  -4   6  -2  -4  -2  -1  -2  -4  -2  -3    0   0   1   0   0   3   0   0   0   0   0  96   0   0   0   0   0   0   0   0  1.08 0.18
  394 K    -2   2  -1  -2  -4   0   0  -3  -2  -4  -4   6  -2  -4  -2  -1  -2  -4  -3  -3    0   3   0   0   0   0   0   0   0   0   0  97   0   0   0   0   0   0   0   0  1.10 0.19
  395 L    -2  -3  -4  -5  -2  -3  -4  -5  -4   1   5  -3   1   0  -4  -3  -2  -3  -2   0    0   0   0   0   0   0   0   0   0   0  99   0   0   0   0   1   0   0   0   0  0.89 0.15
  396 F    -3  -4  -4  -5  -4  -4  -4  -4  -2  -1   0  -4  -1   8  -5  -4  -3   0   2  -2    0   0   0   0   0   0   0   0   0   0   3   0   0  96   0   0   0   0   0   1  1.49 0.20
  397 Y    -3  -3  -3  -5  -4  -3  -3  -4   1  -3  -2  -3  -2   2  -4  -3  -3   1   9  -3    0   0   0   0   0   0   0   0   0   0   0   0   0   0   0   0   0   0 100   0  1.84 0.24
  398 I    -1  -4  -4  -4  -2  -3  -4  -4  -4   3   0  -3   0  -2  -3  -3  -1  -4  -2   6    0   0   0   0   0   0   0   0   0   8   0   0   0   0   0   0   0   0   0  92  0.84 0.16
  399 S     1  -2  -1  -1  -2  -1  -1  -1  -2  -3  -3  -1  -2  -3   2   5   0  -4  -3  -2   10   0   0   0   0   0   0   0   0   0   0   0   0   0  11  79   0   0   0   0  0.74 0.15
  400 I    -2  -4  -4  -4  -2  -4  -4  -5  -4   6   1  -4   0  -1  -4  -3  -2  -4  -2   2    0   0   0   0   0   0   0   0   0  98   0   0   0   0   0   0   0   0   0   2  1.02 0.18
  401 L    -2  -3  -4  -5  -2  -3  -4  -5  -4   1   5  -3   1   0  -4  -3  -2  -3  -2   0    0   0   0   0   0   0   0   0   0   0 100   0   0   0   0   0   0   0   0   0  0.92 0.15
  402 T    -1  -2  -1  -2  -2  -2  -2  -3  -3  -2  -2  -2  -2  -3  -2   0   7  -4  -3  -1    0   0   0   0   0   0   0   0   0   0   0   0   0   0   0   0 100   0   0   0  1.14 0.20
  403 S     0  -2   0  -1  -2  -1  -1  -1  -2  -4  -4  -1  -3  -4  -2   6   0  -4  -3  -3    0   0   0   0   0   0   0   0   0   0   0   0   0   0   0 100   0   0   0   0  1.01 0.19
  404 P    -2  -3  -3  -3  -4  -3  -2  -3  -3  -4  -4  -2  -4  -5   8  -2  -2  -5  -4  -4    0   0   0   0   0   0   0   0   0   0   0   0   0   0 100   0   0   0   0   0  2.54 0.22
  405 T    -1  -2  -1  -2  -2  -2  -2  -3  -3  -2  -2  -2  -2  -3  -2   0   7  -4  -3  -1    0   0   0   0   0   0   0   0   0   0   0   0   0   0   0   0 100   0   0   0  1.14 0.20
  406 T    -1  -2  -1  -2  -2  -2  -2  -3  -3  -2  -2  -2  -2  -3  -2   0   7  -4  -3  -1    0   0   0   0   0   0   0   0   0   0   0   0   0   0   0   0 100   0   0   0  1.14 0.20
  407 G    -1  -3  -1  -2  -4  -3  -3   7  -3  -5  -5  -3  -4  -4  -3  -1  -3  -4  -4  -4    0   0   0   0   0   0   0 100   0   0   0   0   0   0   0   0   0   0   0   0  1.56 0.18
  408 G    -1  -3  -1  -2  -4  -3  -3   7  -3  -5  -5  -3  -4  -4  -3  -1  -3  -4  -4  -4    0   0   0   0   0   0   0 100   0   0   0   0   0   0   0   0   0   0   0   0  1.56 0.18
  409 V    -1  -4  -4  -4  -2  -3  -4  -4  -4   2   0  -3   0  -2  -3  -3  -1  -4  -2   6    0   0   0   0   0   0   0   0   0   0   0   0   0   0   0   0   0   0   0 100  0.93 0.18
  410 T    -1  -2  -1  -2  -2  -2  -2  -3  -3  -2  -2  -2  -2  -3  -2   0   7  -4  -3  -1    0   0   0   0   0   0   0   0   0   0   0   0   0   0   0   0 100   0   0   0  1.14 0.20
  411 A     6  -2  -3  -3  -1  -2  -2  -1  -3  -2  -3  -2  -2  -3  -2   0  -1  -4  -3  -1  100   0   0   0   0   0   0   0   0   0   0   0   0   0   0   0   0   0   0   0  0.93 0.18
  412 S     0  -2   0  -1  -2  -1  -1  -1  -2  -4  -4  -1  -3  -4  -2   6   0  -4  -3  -3    0   0   0   0   0   0   0   0   0   0   0   0   0   0   0 100   0   0   0   0  1.01 0.19
  413 F    -3  -4  -4  -5  -4  -4  -5  -4  -2  -1  -1  -4  -1   8  -5  -4  -3   0   2  -2    0   0   0   0   0   0   0   0   0   0   0   0   0 100   0   0   0   0   0   0  1.60 0.21
  414 G    -1  -3  -1  -2  -4  -3  -3   7  -3  -5  -5  -3  -4  -4  -3  -1  -3  -4  -4  -4    1   0   0   0   0   0   0  99   0   0   0   0   0   0   0   0   0   0   0   0  1.54 0.17
  415 M    -2  -3  -4  -5  -3  -2  -3  -4  -3   0   1  -3   9  -1  -4  -3  -2  -3  -2  -1    0   0   0   0   0   0   0   0   0   0   0   0 100   0   0   0   0   0   0   0  1.56 0.26
  416 L    -2  -3  -4  -5  -2  -3  -4  -5  -4   1   5  -3   1   0  -4  -3  -2  -3  -2   0    0   0   0   0   0   0   0   0   0   0 100   0   0   0   0   0   0   0   0   0  0.92 0.15
  417 G    -1  -3  -1  -2  -4  -3  -3   7  -3  -5  -5  -3  -4  -4  -3  -1  -3  -4  -4  -4    0   0   0   0   0   0   0 100   0   0   0   0   0   0   0   0   0   0   0   0  1.56 0.18
  418 D    -3  -3   0   7  -5  -1   1  -2  -2  -4  -5  -2  -4  -5  -3  -1  -2  -6  -4  -4    0   0   0 100   0   0   0   0   0   0   0   0   0   0   0   0   0   0   0   0  1.59 0.20
  419 I    -2  -4  -4  -4  -2  -4  -4  -5  -4   6   1  -4   0  -1  -4  -3  -2  -4  -2   2    0   0   0   0   0   0   0   0   0  96   0   0   0   0   0   0   0   0   0   4  0.98 0.17
  420 I    -2  -4  -4  -4  -2  -4  -4  -5  -4   6   1  -4   0  -1  -4  -3  -2  -4  -2   2    0   0   0   0   0   0   0   0   0  99   1   0   0   0   0   0   0   0   0   0  1.03 0.18
  421 I    -2  -4  -4  -4  -2  -4  -4  -5  -4   6   1  -4   0  -1  -4  -3  -2  -4  -2   2    0   0   0   0   0   0   0   0   0  99   0   0   0   0   0   0   0   0   0   1  1.04 0.18
  422 A     6  -2  -3  -3  -1  -2  -2  -1  -3  -2  -2  -2  -2  -3  -2   0  -1  -4  -3  -1   97   0   0   0   0   0   0   0   0   0   0   0   0   0   0   2   0   0   0   1  0.87 0.17
  423 E    -2  -1  -1   1  -5   1   7  -3  -1  -4  -4   0  -3  -4  -2  -1  -2  -4  -3  -4    0   0   0   0   0   0 100   0   0   0   0   0   0   0   0   0   0   0   0   0  1.33 0.20
  424 P    -2  -3  -3  -3  -4  -3  -2  -3  -3  -4  -4  -2  -4  -5   8  -2  -2  -5  -4  -4    0   0   0   0   0   0   0   0   0   0   0   0   0   0 100   0   0   0   0   0  2.54 0.22
  425 Y    -3  -2   7   1  -4  -1  -1  -2   0  -4  -5  -1  -3  -4  -3  -1  -1  -4  -1  -4    0   0  92   3   0   0   1   0   0   0   0   1   0   0   0   0   0   0   3   0  1.29 0.19
  426 A     6  -2  -2  -3  -1  -2  -2  -1  -3  -2  -3  -2  -2  -3  -2   1  -1  -4  -3  -1   96   0   0   0   0   0   0   0   0   0   0   0   0   0   0   4   0   0   0   0  0.86 0.17
  427 Y    -3  -3  -3  -5  -4  -3  -3  -4   1  -3  -2  -3  -2   2  -4  -3  -3   1   9  -3    0   0   0   0   0   0   0   0   0   0   0   0   0   0   0   0   0   0 100   0  1.84 0.24
  428 I    -2  -4  -4  -4  -2  -4  -4  -5  -4   6   1  -4   0  -1  -4  -4  -2  -4  -2   2    0   0   0   0   0   0   0   0   0 100   0   0   0   0   0   0   0   0   0   0  1.05 0.18
  429 A     6  -2  -3  -3  -1  -2  -2  -1  -3  -2  -3  -2  -2  -3  -2   0  -1  -4  -3  -1  100   0   0   0   0   0   0   0   0   0   0   0   0   0   0   0   0   0   0   0  0.93 0.18
  430 F    -3  -4  -4  -5  -4  -4  -5  -4  -2  -1  -1  -4  -1   8  -5  -4  -3   0   2  -2    0   0   0   0   0   0   0   0   0   0   0   0   0 100   0   0   0   0   0   0  1.60 0.21
  431 A     6  -2  -3  -3  -1  -2  -2  -1  -3  -2  -3  -2  -2  -3  -2   0  -1  -4  -3  -1  100   0   0   0   0   0   0   0   0   0   0   0   0   0   0   0   0   0   0   0  0.93 0.18
  432 G    -1  -3  -1  -2  -4  -3  -3   7  -3  -5  -5  -3  -4  -4  -3  -1  -3  -4  -4  -4    0   0   0   0   0   0   0 100   0   0   0   0   0   0   0   0   0   0   0   0  1.56 0.18
  433 K    -2   1  -1  -2  -4   0   0  -3  -2  -4  -4   7  -3  -4  -2  -1  -2  -4  -3  -3    0   0   0   0   0   0   0   0   0   0   0 100   0   0   0   0   0   0   0   0  1.15 0.19
  434 R    -3   7  -2  -3  -5   0  -1  -4  -1  -4  -3   1  -3  -4  -3  -2  -2  -4  -3  -4    0 100   0   0   0   0   0   0   0   0   0   0   0   0   0   0   0   0   0   0  1.45 0.20
  435 V    -1  -4  -4  -4  -2  -3  -4  -4  -4   2   0  -3   0  -2  -3  -3  -1  -4  -2   6    0   0   0   0   0   0   0   0   0   0   0   0   0   0   0   0   0   0   0 100  0.93 0.18
  436 I    -2  -4  -4  -4  -2  -4  -4  -5  -4   6   1  -4   0  -1  -4  -3  -2  -4  -2   2    0   0   0   0   0   0   0   0   0  99   0   0   0   0   0   0   0   0   0   1  1.04 0.18
  437 E    -2  -1  -1   1  -5   1   7  -3  -1  -4  -4   0  -3  -4  -2  -1  -2  -4  -3  -4    0   0   0   0   0   0 100   0   0   0   0   0   0   0   0   0   0   0   0   0  1.33 0.20
  438 Q    -2   0  -1  -2  -4   8   1  -3  -1  -4  -4   0  -2  -5  -3  -1  -2  -3  -3  -4    0   0   0   0   0 100   0   0   0   0   0   0   0   0   0   0   0   0   0   0  1.47 0.23
  439 T    -1  -2  -1  -2  -2  -2  -2  -3  -3  -1  -2  -2  -2  -3  -2   0   7  -4  -3  -1    0   0   0   0   0   0   0   0   0   1   0   0   0   0   0   0  99   0   0   0  1.12 0.20
  440 L    -2  -3  -4  -5  -2  -3  -4  -5  -4   1   5  -3   1   0  -4  -3  -2  -3  -2   0    0   0   0   0   0   0   0   0   0   0 100   0   0   0   0   0   0   0   0   0  0.92 0.15
  441 K    -3  -1   7   0  -4  -1  -1  -2   0  -4  -5   1  -3  -4  -3   0  -1  -5  -3  -4    0   0  92   0   0   0   0   0   1   0   0   7   0   0   0   0   0   0   0   0  1.30 0.19
  442 K    -2   1  -1  -2  -4   0   0  -3  -2  -3  -3   6  -2  -4  -2  -1  -1  -4  -3  -3    0   0   0   0   0   0   0   0   0   1   0  95   1   0   0   0   3   0   0   0  1.03 0.18
  443 A     0  -2  -1  -2  -2  -2  -2  -3  -3  -1  -2  -2  -2  -3  -2   0   6  -4  -3  -1    5   0   0   0   0   0   1   0   0   2   0   0   0   0   0   0  92   0   0   0  0.96 0.18
  444 V    -1  -4  -4  -4  -2  -3  -4  -4  -4   2   0  -3   0  -2  -3  -3  -1  -4  -2   6    0   0   0   0   0   0   0   0   0   3   0   0   0   0   0   0   0   0   0  97  0.89 0.17
  445 P    -2  -3  -3  -3  -4  -3  -2  -3  -3  -4  -4  -2  -4  -5   8  -2  -2  -5  -4  -4    0   0   0   0   0   0   0   0   0   0   0   0   0   0 100   0   0   0   0   0  2.52 0.22
  446 E    -2  -1  -1   3  -5   1   6  -3  -1  -4  -4   0  -3  -4  -2  -1  -2  -4  -3  -4    0   0   0  18   0   0  82   0   0   0   0   0   0   0   0   0   0   0   0   0  1.10 0.17
  447 G    -1  -3  -1  -1  -4  -3  -3   7  -3  -5  -5  -3  -4  -4  -3  -1  -3  -4  -4  -4    0   0   0   3   0   0   0  97   0   0   0   0   0   0   0   0   0   0   0   0  1.46 0.17
  448 S     0  -2   0  -1  -2  -1  -1  -1  -2  -3  -3  -1  -3  -4  -2   6   0  -4  -3  -3    0   0   0   0   0   0   0   0   0   0   1   0   0   0   0  99   0   0   0   0  0.98 0.19
  449 Q    -2   0  -1  -2  -4   8   1  -3  -1  -4  -4   0  -2  -5  -3  -1  -2  -3  -3  -4    0   0   0   0   0 100   0   0   0   0   0   0   0   0   0   0   0   0   0   0  1.47 0.23
  450 A     5  -2  -2  -2  -1  -1   0  -1  -2  -1  -2  -2  -2  -3  -2   1   0  -3  -3   1   75   0   0   0   0   0   5   1   0   0   0   0   0   0   0   3   4   0   0  12  0.52 0.12
  451 A     5  -2  -2  -3  -1  -2  -2  -1  -3  -2  -3  -2  -2  -3  -2   1  -1  -4  -3  -1   92   0   0   0   0   0   0   0   0   0   0   0   0   0   0   7   1   0   0   0  0.81 0.16
  452 E    -2  -1  -1   1  -5   1   7  -3  -1  -4  -4   0  -3  -4  -2  -1  -2  -4  -3  -4    0   0   0   0   0   0 100   0   0   0   0   0   0   0   0   0   0   0   0   0  1.33 0.20
  453 S    -3  -3  -3  -4  -4  -3  -3  -4   1  -2  -2  -3  -2   3  -4  -2  -3   1   8  -2    0   0   0   0   0   0   0   0   1   0   0   0   0   7   0   3   0   0  88   0  1.51 0.21
  454 L    -2  -3  -4  -4  -2  -3  -3  -4  -4   1   5  -3   1  -1  -4  -1  -2  -3  -2   0    0   0   0   0   0   0   0   0   0   0  92   0   0   0   0   8   0   0   0   0  0.73 0.14
  455 L    -3  -4  -4  -5  -4  -4  -4  -4  -2  -1   0  -4  -1   8  -5  -4  -3   0   2  -2    0   0   0   0   0   0   0   0   0   0   3   0   0  97   0   0   0   0   0   0  1.51 0.20
  456 R    -2   0  -1  -1  -4   4   0  -3   8  -4  -4  -1  -2  -3  -3  -2  -2  -3   0  -4    0   3   0   2   0  29   2   0  63   0   0   0   0   0   0   0   0   0   1   0  1.18 0.18
  457 K    -2   1  -1  -2  -4   0   0  -3  -2  -4  -4   7  -3  -4  -2  -1  -2  -4  -3  -3    0   0   0   0   0   0   0   0   0   0   0 100   0   0   0   0   0   0   0   0  1.15 0.19
  458 G    -1  -3  -1  -2  -4  -3  -3   7  -3  -5  -5  -3  -4  -4  -3  -1  -3  -4  -4  -4    0   0   0   0   0   0   0 100   0   0   0   0   0   0   0   0   0   0   0   0  1.56 0.18
  459 L    -2  -3  -4  -5  -2  -3  -4  -5  -4   1   5  -3   1   0  -4  -3  -2  -3  -2   0    0   0   0   0   0   1   0   0   0   1  99   0   0   0   0   0   0   0   0   0  0.89 0.15
  460 L    -3  -4  -4  -5  -4  -4  -4  -4  -2  -1   0  -4  -1   8  -5  -4  -3   0   2  -2    0   0   0   0   0   0   0   0   0   0   5   0   0  95   0   0   0   0   0   0  1.46 0.20
  461 D    -3  -3   0   7  -5  -1   1  -2  -2  -4  -5  -2  -4  -5  -3  -1  -2  -6  -4  -4    0   0   0 100   0   0   0   0   0   0   0   0   0   0   0   0   0   0   0   0  1.59 0.20
  462 A    -1  -3  -2  -3  -2  -2  -2  -3  -3  -1   2  -2  -1  -2   6   1  -1  -3  -3  -1    3   0   0   0   0   1   0   0   0   0  37   0   0   0  43  16   0   0   0   0  0.76 0.11
  463 I    -2  -4  -4  -4  -2  -4  -4  -5  -4   6   1  -4   0  -1  -4  -3  -2  -4  -2   2    0   0   0   0   0   0   0   0   0  99   0   0   1   0   0   0   0   0   0   0  1.03 0.18
  464 V    -1  -4  -4  -4  -2  -3  -4  -4  -4   2   0  -3   0  -2  -3  -3  -1  -4  -2   6    0   0   0   0   0   0   0   0   0   2   0   0   0   0   0   0   0   0   0  98  0.90 0.17
  465 P    -2  -3  -3  -3  -4  -3  -2  -3  -3  -4  -4  -2  -4  -5   8  -2  -2  -5  -4  -4    0   0   0   0   0   0   0   0   0   0   0   0   0   0 100   0   0   0   0   0  2.54 0.22
  466 R    -3   7  -2  -3  -5   0  -1  -4  -1  -4  -3   1  -3  -4  -3  -2  -2  -4  -3  -4    0 100   0   0   0   0   0   0   0   0   0   0   0   0   0   0   0   0   0   0  1.45 0.20
  467 N    -3  -2   8   0  -4  -1  -1  -2  -1  -5  -5  -1  -3  -4  -3  -1  -1  -5  -3  -4    0   0  99   0   0   0   0   0   0   0   0   1   0   0   0   0   0   0   0   0  1.48 0.21
  468 L    -2  -3  -3  -3  -3  -3  -3  -4  -3  -1   3  -2   0  -2   6  -2  -1  -4  -3  -1    0   0   0   0   0   0   0   0   0   0  44   0   0   0  54   0   2   0   0   0  1.12 0.14
  469 L    -2  -3  -4  -5  -2  -3  -4  -5  -4   1   5  -3   1   0  -4  -3  -2  -3  -2   0    0   0   0   0   0   0   0   0   0   0 100   0   0   0   0   0   0   0   0   0  0.92 0.15
  470 K    -2   1  -1  -2  -4   1   0  -3  -2  -4  -4   6  -2  -4  -2  -1  -2  -4  -3  -3    0   0   0   0   0   1   0   0   0   0   0  99   0   0   0   0   0   0   0   0  1.13 0.19
  471 G     0  -2   0   0  -3  -2  -1   5  -2  -4  -4  -2  -3  -4  -2   2  -1  -3  -3  -3    1   0   1   4   0   0   2  62   0   0   0   0   0   0   0  28   0   0   0   1  0.77 0.12
  472 V    -1  -4  -4  -4  -2  -3  -4  -4  -4   2   0  -3   0  -2  -3  -3  -1  -4  -2   6    0   0   0   0   0   0   0   0   0   1   0   0   0   0   0   0   0   0   0  99  0.92 0.17
  473 L    -2  -3  -4  -5  -2  -3  -4  -5  -4   1   5  -3   1   0  -4  -3  -2  -3  -2   0    0   0   0   0   0   0   0   0   0   0 100   0   0   0   0   0   0   0   0   0  0.91 0.15
  474 S     0  -2   2  -1  -2  -1  -1   0  -2  -3  -4  -1  -3  -3  -2   5   1  -4  -3  -3    0   0   9   0   0   0   0   5   0   0   0   0   0   0   0  82   3   0   0   0  0.73 0.15
  475 E    -2  -1  -1   1  -5   1   7  -3  -1  -4  -4   0  -3  -4  -2  -1  -2  -4  -3  -4    0   0   0   1   0   0  99   0   0   0   0   0   0   0   0   0   0   0   0   0  1.32 0.20
  476 L    -2  -3  -4  -5  -2  -3  -4  -5  -4   1   5  -3   1   0  -4  -3  -2  -3  -2   0    0   0   0   0   0   0   0   0   0   0 100   0   0   0   0   0   0   0   0   0  0.92 0.15
  477 F    -3  -4  -4  -5  -4  -4  -4  -4  -2  -1   0  -4  -1   8  -5  -4  -3   0   2  -2    0   0   0   0   0   0   0   0   0   0   4   0   0  95   0   0   0   0   0   1  1.47 0.20
  478 Q    -2   1  -1  -1  -4   7   1  -3   1  -4  -3   2  -2  -4  -2  -1  -2  -3  -2  -3    0   3   0   0   0  75   2   0   4   0   1  14   0   0   0   0   0   0   1   0  0.97 0.17
  479 L    -2  -3  -4  -5  -2  -3  -4  -5  -4   1   5  -3   1   2  -4  -3  -2  -2  -1   0    0   0   0   0   0   0   0   0   0   1  92   0   0   7   0   0   0   0   0   0  0.80 0.14
  480 H    -3  -2  -1  -3  -4  -1  -1  -3  10  -5  -4  -2  -3  -3  -4  -2  -3  -4   0  -5    0   0   0   0   0   0   0   0 100   0   0   0   0   0   0   0   0   0   0   0  2.06 0.25
  481 A     4  -2  -2  -1  -2  -2  -2   3  -2  -2  -3  -2  -2  -3  -2   0   1  -3  -3  -1   69   0   1   2   0   0   0  20   0   0   0   0   0   0   0   1   7   0   0   0  0.56 0.12
  482 F    -3  -4  -4  -5  -2  -4  -4  -4  -2  -1  -1  -4  -1   8  -5  -3  -3   0   2  -2    0   0   0   0   1   0   0   0   0   0   1   0   0  98   0   1   0   0   0   0  1.53 0.20
  483 F    -3  -4  -4  -5  -3  -4  -4  -4  -2  -1   0  -4  -1   8  -5  -3  -3   0   2  -1    0   0   0   0   0   0   0   0   0   0   2   0   0  93   0   0   0   0   0   4  1.36 0.19
  484 P    -2  -3  -3  -3  -4  -2  -2  -3  -3  -4  -4  -2  -4  -5   8  -2  -2  -5  -4  -4    0   0   0   0   0   0   0   0   0   0   0   0   0   0  98   1   0   0   0   0  2.46 0.22
  485 L    -2  -3  -4  -4  -2  -3  -4  -4  -4   1   5  -3   1   0  -4  -2  -2  -1  -2   0    0   1   0   0   0   0   0   0   0   0  94   0   0   1   0   3   0   1   0   1  0.77 0.14
  486 N    -2  -1   7   0  -3  -1  -1  -2  -1  -4  -4   0  -3  -4  -2   0   2  -5  -3  -3    0   0  80   1   0   0   0   0   0   0   0   3   0   0   1   1  14   0   0   0  1.03 0.17
  487 T    -2   0  -1  -1  -4   6   1  -2   0  -3  -3   2  -2  -3   1   0  -1  -3  -2  -3    0   0   0   0   0  66   3   0   1   0   0  14   0   1   7   5   2   0   0   0  0.76 0.14
  488 N    -3  -1   7   0  -4  -1  -1  -1   0  -4  -5  -1  -3  -4  -3   0  -1  -5  -3  -4    0   0 100   0   0   0   0   0   0   0   0   0   0   0   0   0   0   0   0   0  1.41 0.19

                      K         Lambda
Standard Ungapped    0.1346     0.3186
Standard Gapped      0.0568     0.2670
PSI Ungapped         0.1857     0.3178
PSI Gapped           0.0568     0.2670
