
Last position-specific scoring matrix computed, weighted observed percentages rounded down, information per position, and relative weight of gapless real matches to pseudocounts
           A  R  N  D  C  Q  E  G  H  I  L  K  M  F  P  S  T  W  Y  V   A   R   N   D   C   Q   E   G   H   I   L   K   M   F   P   S   T   W   Y   V
    1 M   -3 -3 -4 -5 -3 -2 -4 -5 -3 -1  0 -3  9 -2 -4 -3 -2 -3 -3 -1    0   0   0   0   0   0   0   0   0   0   0   0 100   0   0   0   0   0   0   0  1.95 0.43
    2 A    6 -3 -3 -3 -2 -2 -2 -1 -3 -3 -3 -2 -2 -3 -2  1 -1 -4 -3 -1   92   0   0   0   0   0   0   0   0   0   0   0   0   0   0   4   2   0   0   1  0.96 0.27
    3 M    2 -2 -2 -3 -2 -1 -2 -2 -2  1  0 -2  6 -1 -2 -1  2 -2 -2  0   23   1   1   1   0   1   1   1   0   5   1   1  43   1   1   1  14   0   0   4  0.44 0.17
    4 S    3 -2 -1 -2  0 -2 -2 -1 -2 -2 -1 -2 -2 -3 -2  4  1 -4 -3 -1   38   0   0   0   2   0   0   0   0   0   6   0   0   0   0  45   8   0   0   1  0.52 0.20
    5 F   -1 -2 -2 -3 -2 -2 -2 -3 -3  3  0 -2  1  2 -2  0  3 -2 -1  1    1   0   0   0   0   0   0   0   0  23   7   0   4  14   0   7  37   0   0   5  0.32 0.14
    6 S    0 -2 -1 -2 -2 -2 -2 -2 -2 -4 -4 -2 -3 -4 -2  6  1 -4 -3 -3    3   0   0   0   0   0   0   0   0   0   0   0   0   0   0  93   4   0   0   0  1.13 0.33
    7 G    2 -2 -2 -2 -3 -3 -2  6 -3 -4 -4 -2 -3 -4 -3  0 -1 -4 -4 -3   17   2   0   0   0   0   1  75   0   0   0   0   0   0   0   3   3   0   0   0  1.11 0.24
    8 A    6 -3 -3 -3 -2 -2 -2 -1 -3 -3 -3 -2 -2 -4 -2  1  0 -4 -3 -1   91   0   0   0   0   0   0   0   0   0   0   0   0   0   0   5   3   0   0   2  1.00 0.30
    9 V    0 -3 -4 -4 -2 -3 -3 -4 -4  1  1 -3  2 -2 -3 -2 -1 -4 -2  5    9   0   0   0   0   0   0   0   0   1  12   0   6   0   0   0   0   0   0  71  0.71 0.24
   10 L   -3 -3 -5 -5 -3 -3 -4 -5 -4  1  5 -4  1  0 -4 -4 -2 -3 -2  1    0   0   0   0   0   0   0   0   0   1  89   0   0   2   0   0   0   0   0   8  0.96 0.26
   11 T   -1 -2  6 -1 -3  0 -1 -1 -1 -1 -3 -1 -3 -4 -3  3  1 -4 -3 -3    0   0  50   0   0   4   0   2   0   4   0   0   0   0   0  32   6   0   0   0  0.73 0.24
   12 G   -1 -2 -2 -3 -4 -3 -3  6 -3 -3 -4 -3 -4 -4 -3 -1 -3 -4 -4 -4    0   2   0   0   0   0   0  91   0   2   0   0   0   0   0   2   0   0   0   0  1.50 0.31
   13 M   -2 -3 -4 -4 -2 -3 -4 -3 -4  3  4 -3  3  1 -4 -3 -2 -3 -2  1    0   0   0   0   0   0   0   2   0  20  58   0   9   6   0   0   0   0   0   4  0.64 0.20
   14 A    0 -3  0 -3 -2 -3 -3  6 -3 -5 -5 -3 -4 -4 -3  1 -1 -4 -4 -4    7   0   3   0   1   0   1  74   0   0   0   0   0   0   0  11   3   0   0   0  1.19 0.32
   15 S   -1 -3 -1 -2 -3 -2 -2 -2 -3 -4 -4 -2 -3 -4 -1  6  2 -5 -4 -3    0   0   0   0   0   0   0   0   0   0   0   0   0   0   3  89   9   0   0   0  1.30 0.46
   16 S    0 -2 -1 -2 -3 -2 -2 -2  0 -3 -3 -2 -3 -2  3  5  2 -4 -3 -1    6   1   1   0   0   0   0   0   3   0   0   0   0   1  13  57  13   0   0   6  0.67 0.30
   17 F   -1 -4 -5 -5 -4 -5 -5 -5 -3 -2  0 -5 -2  8 -5 -2 -3 -1  2  0    5   0   0   0   0   0   0   0   0   0   8   0   0  77   0   3   0   0   2   6  1.43 0.41
   18 H   -2  0 -3 -3 -3 -1 -3 -1  3  0  4 -2  0  0 -2  0 -2 -3 -2 -1    0   6   0   0   0   2   0   5   9   3  59   0   0   4   2   8   0   0   0   1  0.40 0.21
   19 S    1 -1  1 -1  4 -1  2  0 -2 -2 -2 -1 -2 -3 -2  3  1 -4 -3 -2    8   4   6   0  14   0  15   7   0   2   1   0   0   0   0  33  10   0   0   0  0.36 0.19
   20 G   -1  0 -2 -3 -4 -2 -3  6 -3 -2 -4  2 -3 -4 -3 -1 -3 -4 -4 -1    1   4   0   0   0   0   0  67   0   4   0  19   0   0   0   1   0   0   0   5  1.00 0.33
   21 A    2  1 -2 -3 -3 -2 -2  5 -3 -4 -4  0 -3 -4 -2  1  0 -4 -4 -3   20   8   0   0   0   0   0  51   0   0   0   6   0   0   1   8   5   0   0   0  0.73 0.27
   22 K   -2  3  0 -2 -4  3  1 -3 -2 -4 -4  5 -3 -5 -3  0 -1 -4 -3 -4    0  14   3   0   0  12   7   0   0   0   0  56   0   0   0   8   1   0   0   0  0.86 0.33
   23 Q   -2  5  1 -2 -4  1  1  0 -2 -3 -2  2 -3 -3 -3 -1 -1 -4 -3 -3    0  47   5   0   0   7  10   8   0   1   3  13   0   1   0   3   2   0   0   0  0.63 0.26
   24 S    1 -2  1 -2 -3 -2 -1  1 -2 -2 -3 -1 -3 -3 -1  5  1 -4  0 -1   10   1   7   0   0   0   2   8   0   1   0   1   0   0   2  56   6   0   5   3  0.54 0.29
   25 S    1 -1 -1 -2 -3  1  0  4 -2 -2 -3 -1 -2 -4 -2  3  0 -4 -3 -1   14   2   0   0   0   6   5  34   0   1   1   3   0   0   0  26   5   0   0   4  0.44 0.21
   26 F    0 -2 -2 -2 -3  1 -1  3  2  1 -1 -2 -1  0 -2 -1  0 -3 -2  2    7   1   0   0   0   9   4  27   7   7   4   0   0   4   1   2   4   0   0  23  0.19 0.15
   27 G    1 -2 -1 -3 -3 -3 -3  5  0 -2 -2 -2 -3 -2 -2  0 -2 -3  3 -1    9   1   2   0   0   0   0  53   2   1   4   2   0   0   1   5   1   0  13   6  0.63 0.25
   28 A    4  0 -2 -3 -2 -2 -2  2  1 -2 -2 -1 -2 -2 -2  0  0 -4 -3 -1   55   7   0   0   0   0   1  15   5   1   1   1   0   2   0   5   6   0   0   1  0.48 0.25
   29 V    1  0 -1  0 -2 -1 -2  0 -1  0 -1  0  3 -2 -2  0  2 -3 -2  2   19   5   2   4   0   1   0   5   1   2   1   5  15   0   0   5  14   0   0  19  0.14 0.14
   30 R    0  4  0 -1 -3  0  2  1 -2 -2 -3  1 -1 -3  1  0 -1 -4 -3 -1   10  33   3   0   0   0  16  11   0   2   0   4   2   0   7   6   3   0   0   4  0.32 0.17
   31 V    0 -1 -2 -3 -1 -2 -2 -2 -3  1 -1  1 -1  0 -2  1  1 -3 -1  3    8   3   1   0   1   0   0   1   0   3   1  15   0   4   1  14   9   0   1  40  0.23 0.18
   32 G    1 -3 -2 -2 -3 -2 -3  5 -3 -3 -4 -2 -3 -4  1  1 -1 -4 -4  0   14   0   0   0   0   0   0  60   0   0   0   0   0   0   6  11   1   0   0   8  0.80 0.25
   33 Q   -2  5 -1 -2 -4  0 -1  1 -2 -4 -3  2 -3 -4 -1  0  1  2 -3 -3    1  51   0   0   0   2   0  13   0   0   0  13   0   0   2   4  11   4   0   0  0.65 0.26
   34 K   -2  3 -1 -1 -4  1  2 -1  0 -4 -3  5 -2 -4 -2 -1 -2 -4 -3 -3    0  15   0   0   0   6  18   3   3   0   1  49   0   0   1   1   0   0   0   0  0.64 0.25
   35 T    0  0  1 -2 -1 -1 -1 -2 -2 -1  1  0  0  0 -2  1  3 -2 -1  0    8   6  11   0   1   0   0   1   0   0  15   6   1   4   0   7  27   0   2   6  0.12 0.11
   36 Q   -1 -1  1 -1 -2  0  0  1  1  1  0  0  0  0 -2 -1 -1 -3 -1  2    3   1  11   0   0   3   7  15   5   6  10   5   1   5   0   1   0   0   0  25  0.06 0.09
   37 F    0 -2  1  1  2 -2 -2 -2 -2  2  0 -2  0  1 -3 -1  0 -3 -1  2    9   0  13   9   5   0   0   0   0  16   8   0   1   7   0   3   5   0   0  22  0.12 0.11
   38 V    0 -3 -2  0 -2 -2 -1 -3 -3  2  0 -2  0 -1 -3 -1  2 -3 -2  3    5   0   0   5   0   0   5   0   0  14   2   0   2   2   0   0  23   0   0  38  0.28 0.17
   39 V    3 -2 -2 -3 -1 -2 -2 -2 -3  1 -1  0  0 -2 -2  0  1 -3 -2  2   44   0   0   0   0   0   0   0   0  12   1   5   2   0   0   4   8   0   0  21  0.29 0.17
   40 V    3 -2 -2 -2 -2 -2  0  0 -2  0 -1 -2 -1  0  2  0  0 -3 -2  2   41   0   1   0   0   0   6   5   0   1   2   0   0   5  10   4   3   0   0  20  0.25 0.15
   41 S    2  1 -1 -1 -2  1  2  0 -1 -3 -2  0 -2 -3  2  1 -1 -3 -3 -2   27   7   0   0   0   7  24   5   0   0   1   3   0   0  10  11   1   0   0   2  0.31 0.13
   42 Q    1  1 -1 -2  0  5  0  0  1 -3 -3  1 -2 -2 -1 -1  0 -3 -2 -3   15   7   0   0   2  41   2   9   3   0   0  10   0   1   2   0   6   0   0   0  0.41 0.19
   43 R    2  3 -2 -2  2  0 -1 -2 -1 -3 -3  2 -2 -3  3  0  0 -3 -3 -2   27  28   0   0   5   1   0   1   1   0   0  12   0   0  17   1   5   0   0   1  0.44 0.17
   44 K    1  1  0 -1 -3  1  1 -1 -2 -3 -3  5 -2 -4 -2 -1 -2 -4 -3 -3   14   0   4   0   0   5   6   2   0   0   0  69   0   0   0   0   0   0   0   0  0.68 0.24
   45 K   -1  3 -1 -1 -4  1  2 -1  1 -4 -3  4 -2 -4 -2  0 -1 -4 -2 -3    0  20   0   0   0   1  15   5   5   0   1  45   0   0   0   9   0   0   0   0  0.52 0.19
   46 S    2  0  1 -2 -2 -1 -1  0 -2 -3 -3  0 -2 -3 -2  4  1  4 -2 -2   20   6   5   0   0   0   0   4   0   0   0   6   0   0   0  47   4   9   0   0  0.44 0.19
   47 L   -2 -2 -3 -4 -3  0 -2 -3 -3  1  1  1 -1 -1 -3 -2 -1  8  0  1    0   0   0   0   0   5   0   0   0   8  14  15   0   0   0   2   4  35   0  17  0.78 0.22
   48 I   -1 -3 -2  2 -2 -2 -1 -1  0  3  0 -2  0 -1  1 -2 -1 -3 -2  2    5   0   0  15   0   0   4   5   4  31   6   0   0   1   9   0   0   0   0  21  0.19 0.12
   49 Y    0 -2 -2  0 -3  1 -1 -3 -1  0 -1 -2  1  0  4  0  0 -1  4 -2    6   0   0   6   0  10   0   0   0   7   2   0   5   0  22   6   7   0  29   0  0.42 0.18
   50 A    4 -2 -2 -2 -2 -2  0  1 -2 -1 -2 -2 -2 -3 -2  1  1 -3 -2 -1   65   0   0   0   0   0   6   9   0   2   2   0   0   0   0   5   7   0   1   1  0.48 0.23
   51 A    1 -2 -2 -2 -2 -1  0 -2 -2  1  1 -2  2 -1 -2 -1  0 -3 -2  3   15   0   0   2   0   0   9   1   0   2  13   0  10   0   0   1   5   0   0  41  0.22 0.14
   52 K   -1  2  0  1 -3  3  2 -1 -1 -3 -3  4 -2 -3 -2  0 -1 -3 -2 -3    1   7   2   6   0  14  17   4   0   0   1  39   0   0   0   6   0   0   0   1  0.45 0.16
   53 G    1  0  1  0 -3 -1 -1  4 -2 -3 -3  2 -2 -2 -2  0 -1 -3 -3 -1   12   1   7   4   0   0   0  38   0   0   1  26   0   2   0   2   0   0   0   4  0.40 0.15
   54 D    2 -2 -1  3 -2  0 -1  3 -2 -3 -3 -1 -2 -3 -2  0  1 -3 -3 -2   24   0   0  24   0   6   0  30   0   0   1   0   0   0   0   3  10   0   0   0  0.41 0.15
   55 G    0 -2  0 -1 -3 -2  0  5 -2 -3 -3 -1 -3 -3 -2  0 -1 -3 -3 -1    4   0   4   2   0   0   6  63   0   0   1   4   0   0   0   6   3   0   0   5  0.70 0.20
   56 N    0 -1  4  2 -3  1  2  0 -1 -3 -3  0 -2 -3 -2  1 -1 -4 -3 -3    7   0  39   8   0   5  15   6   0   0   0   4   0   0   0  13   0   0   0   0  0.45 0.16
   57 I    1 -1 -2 -2 -2 -1 -2 -2 -2  1  0  1  0  2 -2  1 -1 -2 -1  1   19   0   0   0   0   0   0   0   0   6  11  15   0  14   0  18   0   0   0  18  0.13 0.11
   58 L    0  0  0  1 -2  1  0 -2 -1  1  0  2  0 -2  0 -1  0 -3 -2  0    8   0   6   8   0   8   1   1   0  12   8  28   3   0   4   1   6   0   0   6  0.11 0.09
   59 D    0 -2  2  4 -3 -1  1  0 -1 -1 -1 -1 -2 -2 -2 -1 -1 -3 -2 -2    8   1  11  44   0   1   8   8   0   7   8   1   0   0   1   1   1   0   0   1  0.37 0.12
   60 D   -1  0  1  3 -2 -1  0 -2 -1  0 -2 -1 -1 -2  2  0  2 -2  0  0    1   7   6  27   0   1   1   1   0   6   1   1   0   0  13   1  22   0   6   6  0.26 0.10
   61 L    1 -2 -3 -3 -1 -2 -2 -2 -3  2  3 -2  1 -1 -2  0 -1 -2 -2  2   21   0   0   0   0   0   1   1   0   9  41   0   0   0   0   8   0   0   0  17  0.25 0.11
   62 N    1  0  2  2 -2  0  1 -1 -1 -1 -1  0  2  0 -2  0  1 -3 -2 -1   15   3  16  14   0   0  10   1   0   0   1   4  13   4   0   6   9   0   0   4  0.15 0.10
   63 E   -1  0  1  2 -3  1  4 -1  2 -3 -1  2 -2 -3 -2 -1 -1 -3 -2 -2    1   0   5  11   0   5  39   5   8   0   8  15   0   0   0   1   0   0   0   0  0.36 0.11
   64 A    3 -1  0 -1 -1 -1 -1  0 -2  0 -2  2 -1 -2 -1  1  0 -3 -2  0   39   0   5   0   0   0   0   5   0   5   1  21   0   0   0   8   6   0   0   8  0.20 0.10
   65 T    2 -2 -1 -2 -1 -1 -1 -1 -1 -2 -2 -1 -1 -1 -1  2  3 -2  3 -1   30   0   0   0   0   0   1   1   0   0   1   0   0   0   0  23  25   0  15   1  0.33 0.14
   66 K   -2  1 -1  2 -4  4  2 -1  2 -4 -4  4 -2 -4 -2 -1 -2 -4 -2 -3    0   2   0  11   0  28  12   5   6   0   0  35   0   0   0   0   0   0   0   0  0.58 0.18
   67 K   -1  3 -1  1 -4  1  1 -2 -1 -4 -3  4 -2 -2 -2 -1 -1 -3 -1 -3    4  23   0   7   0   4   8   1   0   0   0  47   0   2   0   0   2   0   2   0  0.57 0.18
   68 A    5 -3 -3 -3 -2 -2 -2 -1 -3 -2 -2 -2  1 -3 -2  0  1 -4 -3  1   79   0   0   0   0   0   0   0   0   0   0   0   5   0   0   0   6   0   0   9  0.74 0.25
   69 S    1  0 -1 -2 -2 -1 -1  1  1 -3 -3 -1 -2 -3 -2  5  1 -4 -2 -1    5   4   0   0   0   0   0   9   5   0   0   0   0   0   0  63   7   0   0   7  0.54 0.21
   70 D   -2 -2 -1  5 -5  1  4 -1  1 -4 -4  0 -3 -4 -2 -1 -2 -4 -3 -4    0   0   0  38   0   6  45   4   4   0   0   2   0   0   0   1   0   0   0   0  0.87 0.22
   71 F   -1 -2  0 -3 -2 -1 -2 -3 -1  0 -2  1 -2  4 -4 -2 -2  3  6 -2    4   0   5   0   1   3   0   0   0   5   0  12   0  26   0   0   0   4  40   0  0.70 0.21
   72 V    2 -3 -3 -3 -2 -2 -1 -2 -3  1  0 -2  1 -2 -3 -1  0 -4 -2  4   22   0   0   0   0   0   5   2   0   2   4   0   2   0   0   0   6   0   0  57  0.41 0.18
   73 T    0  2 -1 -1 -3  0  1 -1 -2 -3 -3  3 -2 -3 -2  1  3 -4 -3 -2    8  10   0   0   0   0   9   4   0   0   0  30   0   0   0  11  28   0   0   0  0.37 0.15
   74 D   -2 -2 -1  5 -5  1  5 -3 -2 -5 -4 -1 -4 -5 -3 -1 -2 -5 -4 -4    0   0   0  35   0   2  63   0   0   0   0   0   0   0   0   0   0   0   0   0  1.16 0.28
   75 K    0  0 -2 -2 -4  0 -1 -3 -2 -3 -2  6 -1 -4 -2  0  0 -4 -3 -3    9   0   0   0   0   0   0   0   0   0   4  76   2   0   0   3   6   0   0   0  0.78 0.26
   76 T    1 -2 -1 -2 -2 -2 -2  4 -3 -2 -3  0 -2 -3 -2  0  3 -3 -3 -1   14   0   0   0   0   0   0  42   0   0   0   9   0   0   0   2  29   0   0   4  0.53 0.17
   77 K    1  1  0  0 -3  3  1 -2 -1 -3 -3  3 -2 -4 -2  1  0 -3 -2 -2   15   7   4   4   0  22   6   0   0   0   0  26   0   0   0  12   4   0   0   0  0.38 0.13
   78 E   -2 -1  0  0 -4  3  5 -3 -1 -4 -4  0 -3 -3 -2 -1  1 -3  0 -3    0   0   3   1   0  12  66   0   0   0   0   4   0   0   0   0   9   0   5   0  0.83 0.24
   79 A    4 -3 -3 -3 -2 -2 -2 -2 -3  0  0 -2 -1 -3 -2 -1 -1 -4 -3  3   62   0   0   0   0   0   0   0   0   0   6   0   0   0   0   0   2   0   0  30  0.57 0.22
   80 L    1 -1  0 -2 -1  1  1  1 -2 -1  2  2  1 -2 -2 -1 -1 -3 -2 -1   14   0   3   0   1   8   9  11   0   0  28  22   4   0   0   0   0   0   0   0  0.15 0.10
   81 A    0  0  1  4 -3  1  2 -1  1 -3 -3  1 -3 -4 -2  0 -1 -4 -3 -3   10   4   8  29   0   4  19   3   3   0   0  13   0   0   0   5   1   0   0   1  0.41 0.12
   82 D   -1  1  0  3 -3  2  0 -2  4 -3 -3  2 -1 -3 -2  0 -1 -3  0 -1    4   4   1  20   0  15   2   0  17   0   0  21   1   0   0   6   0   0   2   7  0.34 0.13
   83 G    2 -3 -2 -3 -2 -2 -3  4 -2  1 -1 -2  2 -2 -3 -1  1 -3  0 -1   23   0   0   0   0   0   0  36   0  14   0   0  11   0   0   0   9   0   5   1  0.37 0.15
   84 E    1  0 -1  0 -4  3  5 -2 -1 -4 -3  0 -2 -4 -2  0 -2 -4 -3 -2   17   3   0   1   0  16  56   1   0   0   0   0   1   0   0   2   0   0   0   1  0.69 0.22
   85 K   -2  4 -1  2 -4  0  2 -1 -1 -4 -3  4 -3 -4 -2  0 -2 -4 -3 -3    0  33   0  11   0   0  13   5   0   0   0  34   0   0   0   4   0   0   0   0  0.60 0.18
   86 A    5 -2 -3 -3 -2 -2 -2 -1 -3 -2 -2 -1 -2 -3 -2  0 -1 -4 -3  0   84   0   0   0   0   0   0   0   0   0   3   3   0   0   0   4   2   0   0   5  0.79 0.26
   87 K    1  2 -1 -2 -3  0 -1 -2 -2 -3 -3  5 -2 -4 -2 -1  0 -4 -3 -1   12  10   0   0   0   0   0   0   0   0   0  68   0   0   0   0   6   0   0   4  0.72 0.23
   88 D   -3 -2  2  6 -4  1  1 -3  0 -4 -4  0 -4 -3 -3 -1 -2 -4  1 -4    0   0   9  68   0   6   4   0   2   0   0   5   0   0   0   0   0   0   7   0  1.00 0.24
   89 Y   -3 -3 -3 -1 -4 -1 -3 -4  0 -2 -2 -1 -2  2 -4 -2  0  3  7 -1    0   0   0   5   0   3   0   0   0   0   0   3   0   6   0   0   9   4  67   4  1.09 0.28
   90 V    1 -3 -2 -3 -2 -2 -3 -3 -3  2  0 -2  2  1 -3 -1  3 -3 -2  3   13   0   0   0   0   0   0   0   0  11   0   0   6   6   0   1  25   0   0  39  0.35 0.15
   91 V    1 -2 -2 -1 -2  0 -1 -3 -3  1  0 -2  3  1 -3  0  0 -3 -1  3   12   0   0   2   0   4   4   0   0   0   5   0  13   8   0   8   3   0   0  41  0.22 0.13
   92 E   -2 -1 -1  2 -5  2  5  1 -1 -4 -4  0 -3 -4 -2 -1 -2 -4 -3 -4    0   0   0  11   0   9  63  13   0   0   0   4   0   0   0   0   0   0   0   0  0.85 0.23
   93 K   -1  1 -2 -2 -4  0 -1 -3 -2 -4 -4  7 -3 -5 -2 -1  0 -4 -3 -3    4   0   0   0   0   0   0   0   0   0   0  91   0   0   0   0   5   0   0   0  1.19 0.32
   94 N    4 -2  2 -2 -2 -2 -2  1 -2 -3 -3 -2 -2 -3 -2  0  2 -4 -3 -2   60   0  13   0   0   0   0  11   0   0   0   0   0   0   0   0  16   0   0   0  0.55 0.21
   95 S    0 -1 -1  0 -2  0  0  3  1 -1 -2  0 -2 -3 -2  1 -1 -3 -2  0    7   0   0   4   0   3   4  30   5   4   0   9   0   0   0  17   1   0   0  14  0.22 0.09
   96 E   -2 -1 -1  3 -4  1  6 -2 -1 -3 -4 -1 -3 -4 -2 -1 -2 -4 -3 -1    0   0   0  14   0   4  72   3   0   0   0   0   0   0   0   0   0   0   0   4  0.93 0.24
   97 T    5 -2 -1 -2 -2 -2 -2 -1 -2 -1 -1  0  0 -3 -2  0 -1 -3 -3  0   70   0   4   1   0   0   0   0   0   0   3   5   3   0   0   1   2   0   0   8  0.50 0.19
   98 A    1  0  0 -2 -3  0 -1  0 -2  0 -1  4  3 -3 -2  0  0 -3 -2 -1   14   0   3   0   0   0   0   5   0   7   2  44  14   0   0   6   3   0   0   0  0.29 0.15
   99 D   -3 -2  0  6 -4  1  3 -3 -2 -4 -4 -1 -4 -4 -2 -1 -2 -5 -4 -4    0   0   0  75   0   5  17   0   0   0   0   0   0   0   0   0   0   0   0   0  1.23 0.27
  100 T    0 -1  1 -1 -2  0 -1 -1 -2 -1 -2  1  1 -1 -2  0  4  2  0 -1    5   0  11   0   0   3   1   4   0   3   0   9   5   3   0   4  40   4   4   3  0.24 0.12
  101 L    4 -2 -3 -3 -1 -2 -2 -2 -3  1  0 -2 -1 -2 -2  0  0 -3 -2  3   53   0   0   0   0   0   0   0   0   4   8   0   0   0   0   0   5   0   0  27  0.41 0.17
  102 G    3 -2 -2 -2  1  0 -1  0 -2 -1 -1 -1 -1 -3 -2  1  1 -3 -2  1   47   0   0   0   4   4   1   3   0   0   2   0   0   0   0  13   9   0   0  16  0.30 0.13
  103 K   -2 -1 -1  3 -4  1  5 -3 -1 -4 -4  0 -3 -4 -2 -1 -2 -4 -3 -4    0   0   0  21   0   4  67   0   0   0   0   4   0   0   0   0   0   0   0   0  0.98 0.24
  104 E   -1  1  2 -1 -3  1  2 -2  1  0 -1  3 -1 -3 -2 -1 -1 -3 -2 -1    4   7  14   0   0   4  18   1   4   7   5  28   0   0   0   0   1   0   0   5  0.23 0.10
  105 A    5 -2 -2 -3 -2 -2 -2  1 -3 -2 -2  0 -2 -3 -2  0  0 -3 -3  0   76   0   0   0   0   0   0   8   0   0   0   5   0   0   0   0   3   0   0   4  0.66 0.22
  106 E   -1  1 -1 -1 -4  5  2 -2  2 -4 -3  4 -2 -4 -2 -1 -2 -3 -2 -3    4   3   0   0   0  38  13   0   6   0   0  33   0   0   0   0   0   0   0   0  0.66 0.20
  107 K   -2  3  0  3 -4  1  1 -2 -1 -2 -3  3 -2  0 -2 -1 -1 -3 -2 -3    0  22   1  23   0   3   6   0   0   3   0  31   0   7   0   0   1   0   0   0  0.42 0.14
  108 A    4 -2 -2 -2 -1 -2 -2  0 -2 -1 -1 -2 -1 -3 -2  1  2 -3 -2  0   56   0   0   0   0   0   0   5   0   0   7   0   0   0   0   5  20   0   0   5  0.42 0.17
  109 A    2 -1 -1 -1 -2 -1 -1 -1 -2 -2 -1  2 -1 -2 -2  3  1 -3 -2 -2   21   0   0   0   0   0   0   0   0   0   8  18   0   1   0  43   5   0   0   0  0.33 0.15
  110 A   -1 -1  0  5 -4  2  4 -1 -1 -4 -4  0 -3 -4 -2 -1 -2 -4 -3 -3    3   0   3  41   0   9  32   4   0   0   1   5   0   0   0   0   0   0   0   0  0.68 0.17
  111 Y   -1 -2 -2 -1 -3 -1 -2 -1  0 -2 -2 -2 -2  4 -3 -1 -1  3  6 -2    4   0   0   5   0   3   0   4   1   0   1   0   0  22   0   5   3   4  45   0  0.68 0.19
  112 V    3 -3 -3 -3 -1 -2 -2 -2 -3  1 -1 -2  1 -2 -2 -1  1 -3 -2  4   30   0   0   0   0   0   0   0   0   0   1   0   3   0   0   0   7   0   0  56  0.45 0.18
  113 E    1  0 -1 -1 -2  1  0 -2 -2 -1 -2  1  0 -3 -2  1  4 -3 -2  0   15   2   0   1   0   5   3   0   0   0   1  13   3   0   0   9  41   0   0   5  0.30 0.13
  114 E    0 -1 -1  3 -4  0  5 -1 -1 -4 -4  0 -3 -4 -2 -1 -2 -4 -3 -3    6   0   0  15   0   0  67   4   0   0   1   4   0   0   0   0   0   0   0   0  0.83 0.22
  115 K   -2  1 -1 -2 -3  1  0 -2 -2 -3 -3  6  1 -4 -2  0  0 -4 -3 -3    0   0   0   0   0   4   0   0   0   0   1  76   5   0   0   4   6   0   0   0  0.79 0.24
  116 G    3 -2 -2 -2 -2 -2 -2  4 -3 -2 -2 -2 -2 -3 -2  0 -1 -3 -3 -1   41   0   0   0   0   0   0  45   0   0   2   0   0   0   0   3   0   0   0   5  0.63 0.17
  117 K   -1  1  1 -1 -3  0  1 -1  1 -3 -3  5 -2 -3 -2 -1 -1 -3 -2 -2    4   5   8   0   0   0  10   4   4   0   1  58   0   0   0   0   0   0   0   4  0.51 0.17
  118 E   -2 -1 -1  3 -4  1  6 -3 -1 -4 -4  1 -3 -4 -2  0 -2 -4 -3 -4    0   0   0  19   0   1  70   0   0   0   0   6   0   0   0   4   0   0   0   0  0.99 0.25
  119 A    3 -2 -2 -2 -1 -1 -2  1 -2  0 -2  0 -1 -3 -2  1  2 -3 -2  0   44   0   0   0   0   0   0   9   0   7   0   5   0   0   0   4  23   0   0   6  0.32 0.14
  120 A    2 -1 -1  0 -2 -1  0  3 -2 -2 -3  1 -2 -3 -2  1  1 -3 -3 -2   31   0   0   4   0   0   4  23   0   0   0  10   0   0   0  11  14   0   0   0  0.32 0.11
  121 N   -2 -1  4  2 -4  1  4 -2  1 -4 -4  1 -3 -4 -2 -1 -1 -4 -3 -3    0   0  35  13   0   3  36   0   2   0   0   9   0   0   0   0   0   0   0   0  0.68 0.19
  122 K    0  1 -1  0 -3  0  2 -2 -2 -3 -3  4  1 -3 -2  0  0  2 -2 -2    5   2   1   4   0   0  14   0   0   0   0  53   5   0   0   4   5   4   0   2  0.45 0.17
  123 A    5 -2 -2 -3 -2 -2 -2  0 -3 -1 -2 -2 -2 -3 -2  0  1 -3 -3  1   71   0   0   0   0   0   0   3   0   3   0   0   0   0   0   0  12   0   0  10  0.58 0.21
  124 A    3  1 -1 -2 -2  0  0 -2 -2 -2 -2  3 -2 -3 -2  1 -1 -3 -2  0   36   4   2   0   0   0   4   0   0   0   0  36   0   0   0  10   0   0   0   9  0.35 0.16
  125 E   -2 -2  0  5 -4  2  5 -3 -2 -4 -4 -1 -3 -4 -2 -1 -2 -4 -3 -4    0   0   0  44   0   8  45   0   0   0   0   0   0   0   0   2   0   0   0   0  0.98 0.24
  126 F   -1 -2 -3 -3 -3 -1 -2 -3 -1 -2 -1  1 -1  5 -3 -2  0  0  4 -2    4   0   0   0   0   1   0   0   0   0   3  15   0  44   0   0   8   0  22   0  0.62 0.19
  127 A    2 -2 -2 -2 -1 -2 -2 -2 -3  2  0 -2 -1 -1 -2  1  2 -3 -2  2   28   0   0   0   0   0   0   0   0  12   2   0   0   3   0   8  18   0   0  26  0.24 0.12
  128 E    0 -1 -1  0 -3  0  4 -3  1 -1 -1  1 -1 -3 -2 -1  0 -3 -2  2    4   2   0   3   0   0  40   0   4   0   3   8   1   0   0   3   3   0   0  28  0.30 0.14
  129 G   -1 -1 -1  1 -4  1  4  3 -1 -4 -4  0 -3 -4 -2 -1 -2 -3 -3 -3    1   2   0   5   0   7  42  35   0   0   0   4   0   0   0   2   0   0   0   0  0.59 0.16
  130 K    0  1 -1 -2 -3  1  0 -1 -2 -3 -2  6 -1 -4 -2 -1 -2 -4 -3 -3    8   0   0   0   0   4   2   4   0   0   4  76   2   0   0   0   0   0   0   0  0.69 0.21
  131 A    5 -2 -2 -3 -2 -2 -2  0 -3 -2 -2 -1 -2 -3 -2  1  0 -4 -3 -1   83   0   0   0   0   0   0   4   0   0   0   3   0   0   0   4   5   0   0   2  0.70 0.22
  132 G    1 -1 -1  0 -3  0  0  5 -2 -2 -3  1 -2 -3 -2 -1 -2 -3 -3 -1   12   0   0   5   0   2   6  53   0   3   0  15   0   0   0   0   0   0   0   4  0.54 0.14
  133 E   -2  1 -1  3 -4  2  5 -3 -1 -4 -4  1 -3 -4 -2 -1  0 -4 -1 -3    0   6   0  20   0   7  56   0   0   0   0   5   0   0   0   0   4   0   2   0  0.72 0.18
  134 A    5 -3 -3 -3 -1 -2 -2 -1 -3  0 -2 -2 -2 -2 -2  0 -1 -4 -3  1   84   0   0   0   0   0   0   0   0   4   0   0   0   1   0   0   0   0   0  11  0.71 0.23
  135 K    0  1 -1  0 -3  2  0 -2 -2  0 -1  5 -2 -3 -2 -1 -1 -4 -3 -1    7   1   0   5   0   8   0   0   0   6   4  63   0   0   0   0   2   0   0   3  0.47 0.17
  136 D   -2 -3  0  7 -4 -1  2 -1 -2 -4 -5 -2 -4 -5 -3  0 -2 -5 -4 -4    0   0   1  84   0   0   8   2   0   0   0   0   0   0   0   5   0   0   0   0  1.28 0.26
  137 A    2 -1 -1 -2 -2 -1 -1 -1 -1 -2 -2  1  0 -1 -2  1  2 -2  3 -1   31   0   0   0   0   0   0   0   0   0   0  13   4   0   0  12  24   0  16   0  0.26 0.10
  138 T    2 -2 -1 -2 -1 -2 -2 -2 -3  1 -1 -2 -1 -2 -2  1  4 -3 -2  1   21   0   0   0   0   0   0   0   0   8   0   0   0   0   0   4  57   0   0   9  0.44 0.14
  139 K   -1  2 -1 -1 -4  2  0 -2 -1 -3 -3  6 -2 -4 -2 -1 -1 -4 -2 -3    0   0   0   0   0   7   0   0   0   0   0  93   0   0   0   0   0   0   0   0  0.83 0.15

                      K         Lambda
Standard Ungapped    0.1198     0.3041
Standard Gapped      0.0415     0.2670
PSI Ungapped         0.1355     0.3167
PSI Gapped           0.0415     0.2670
