
Last position-specific scoring matrix computed, weighted observed percentages rounded down, information per position, and relative weight of gapless real matches to pseudocounts
            A   R   N   D   C   Q   E   G   H   I   L   K   M   F   P   S   T   W   Y   V   A   R   N   D   C   Q   E   G   H   I   L   K   M   F   P   S   T   W   Y   V
    1 M    -1  -2  -3  -4  -2  -1  -2  -3  -2   1   2  -2   7   0  -3  -2  -1  -2  -1   1    0   0   0   0   0   0   0   0   0   0   0   0 100   0   0   0   0   0   0   0  0.53 0.04
    2 F    -2  -3  -3  -4  -3  -4  -4  -4  -2   0   1  -3   0   7  -4  -3  -2   1   3   0    0   0   0   0   0   0   0   0   0   0   4   0   0  92   0   0   0   0   0   4  0.76 0.03
    3 L    -2  -3  -4  -4  -2  -2  -3  -4  -3   2   4  -3   2   1  -3  -3  -1  -2  -1   1    0   0   0   0   0   0   0   0   0   0  95   0   2   1   0   0   0   0   0   2  0.49 0.02
    4 L    -2  -3  -4  -4  -2  -2  -3  -4  -3   2   4  -3   2   0  -3  -2  -1  -2  -1   1    0   0   0   0   0   0   0   0   0   9  89   0   0   0   0   2   0   0   0   0  0.45 0.02
    5 P    -2  -2  -2  -3  -3  -1  -2  -3   4  -2  -2  -2  -1   3   0  -2  -2   2   7  -2    0   0   0   0   0   0   0   0  13   0   0   0   0   0   5   0   0   0  82   0  0.81 0.03
    6 K    -1   0   0   1  -4   2   6  -2   0  -4  -3   1  -2  -4  -1   0  -1  -3  -2  -3    0   0   0   0   0   0  94   0   0   0   0   6   0   0   0   0   0   0   0   0  0.76 0.03
    7 Y    -2  -2  -3  -4  -3  -2  -2  -4   2  -2  -1  -2  -1   3  -3  -2  -2   2   8  -2    0   0   0   0   0   0   0   0   0   0   0   0   0   0   0   0   0   0 100   0  1.03 0.04
    8 N    -2  -2   2   6  -4   0   2  -2  -1  -4  -4  -1  -3  -4  -2   0  -1  -5  -3  -4    0   0   7  87   0   0   6   0   0   0   0   0   0   0   0   0   0   0   0   0  0.91 0.03
    9 S    -1  -3  -3  -3  -1  -3  -3  -4  -3   4   2  -3   1   0  -3  -1   0  -3  -1   2    0   0   0   0   0   0   0   0   0  75  10   0   0   1   0   9   2   0   0   3  0.30 0.02
   10 F    -3  -3  -4  -4  -3  -4  -4  -4  -2   0   0  -4   0   7  -4  -3  -2   1   3  -1    0   0   0   0   0   0   0   0   0   0   2   0   0  98   0   0   0   0   0   0  0.85 0.03
   11 F    -3  -3  -4  -5  -3  -2  -3  -3  -3  -3  -2  -4  -2   2  -4  -3  -3  12   2  -3    0   0   0   0   0   0   0   0   0   0   0   0   0   5   0   0   0  95   0   0  2.42 0.05
   12 I     4  -2  -2  -2  -1  -1  -1   0  -2   0  -1  -1  -1  -2  -1   1   1  -3  -2   1   70   0   0   0   0   0   0   4   0   6   0   0   0   0   0   0  13   0   0   8  0.28 0.02
   13 F    -3  -3  -4  -4  -3  -4  -4  -4  -2   0   0  -4   0   7  -4  -3  -3   1   3  -1    0   0   0   0   0   0   0   0   0   0   0   0   0 100   0   0   0   0   0   0  0.88 0.03
   14 L    -2  -3  -4  -4  -2  -2  -3  -4  -3   2   4  -3   2   1  -3  -3  -1  -2  -1   1    0   0   0   0   0   0   0   0   0   0  95   0   1   1   0   0   0   0   0   2  0.49 0.02
   15 L    -2  -3  -4  -4  -1  -3  -4  -4  -4   5   2  -3   1   0  -3  -3  -1  -3  -2   3    0   0   0   0   0   0   0   0   0  89   8   0   2   0   0   0   0   0   0   1  0.44 0.02
   16 L    -2  -3  -4  -4  -2  -3  -4  -4  -4   5   2  -3   1   0  -3  -3  -1  -3  -2   3    0   0   0   0   0   0   0   0   0  94   5   0   0   0   0   0   0   0   0   1  0.46 0.02
   17 A     2  -1   0  -1  -1   0   0   0  -1  -3  -3   0  -2  -3  -1   5   1  -3  -2  -2    8   0   0   0   0   0   0   0   0   0   0   0   0   0   0  92   0   0   0   0  0.49 0.03
   18 S     1  -1   0  -1  -1   0   0   0  -1  -1  -2  -1  -2  -3  -1   4   1  -3  -2  -2    0   0   0   0   0   0   0   3   0   5   0   0   0   0   0  92   0   0   0   0  0.44 0.03
   19 V     0  -3  -3  -4  -1  -2  -3  -2  -3   2   2  -3   1   1  -3  -2  -1  -2  -1   3    4   0   0   0   0   0   0   3   0   4  30   0   0   9   0   0   0   0   0  50  0.24 0.01
   20 I    -2  -3  -4  -4  -2  -3  -4  -4  -4   5   2  -3   1   1  -3  -3  -1  -3  -1   3    0   0   0   0   0   0   0   0   0  93   2   0   0   4   0   0   0   0   0   2  0.44 0.02
   21 P    -1  -3  -2  -2  -3  -2  -1  -3  -3  -3  -3  -1  -3  -4   8  -1  -1  -4  -3  -3    0   0   0   0   0   0   0   0   0   0   0   0   0   0 100   0   0   0   0   0  2.13 0.03
   22 I    -2  -3  -4  -4  -2  -3  -4  -4  -4   5   2  -3   1   0  -3  -3  -1  -3  -2   3    0   0   0   0   0   0   0   0   0  96   1   0   0   0   0   0   0   0   0   3  0.46 0.03
   23 L    -2  -2  -4  -4  -2  -2  -3  -4  -3   1   4  -3   2   1  -3  -2  -1  -2  -1   1    0   0   0   0   0   0   0   0   0   0  96   0   0   2   0   2   0   0   0   0  0.48 0.02
   24 A     4  -2  -2  -2  -1  -1  -1   0  -2  -1  -2  -1  -1  -3  -1   1   1  -3  -2   0   90   0   0   0   0   0   0   0   0   0   0   0   0   0   0   0   6   0   0   3  0.41 0.02
   25 F    -3  -3  -4  -4  -3  -4  -4  -4  -2   0   0  -4   0   7  -4  -3  -3   1   3  -1    0   0   0   0   0   0   0   0   0   0   0   0   0 100   0   0   0   0   0   0  0.88 0.03
   26 S    -1  -1  -3  -3  -2  -2  -3  -3  -2   1   3  -2   1   3  -3  -1  -1   2   0   1    0   4   0   0   0   0   0   0   0   4  53   0   0  18   0   8   1   3   0   8  0.23 0.01
   27 I    -2  -3  -4  -4  -2  -3  -4  -4  -4   5   2  -3   1   0  -3  -3  -1  -3  -2   3    0   0   0   0   0   0   0   0   0  96   2   0   0   0   0   0   0   0   0   3  0.46 0.03
   28 S     1  -1   0   0  -1   0   0  -1  -1  -3  -3   0  -2  -3  -1   5   1  -3  -2  -2    0   0   0   0   0   0   0   0   0   0   0   0   0   0   0 100   0   0   0   0  0.53 0.03
   29 K     0   0  -1  -1  -3  -1  -1   6  -2  -4  -4   0  -3  -3  -2   0  -1  -3  -3  -3    3   6   0   0   0   1   3  78   0   0   0   5   0   0   0   4   0   0   0   0  0.75 0.02
   30 F    -1  -3  -3  -4  -1  -3  -3  -4  -3   3   2  -3   1   1  -3  -2  -1  -2  -1   4    0   0   0   0   0   0   0   0   0  22  13   0   0   7   0   0   0   0   0  57  0.32 0.01
   31 L    -2  -3  -4  -4  -2  -3  -3  -4  -3   2   4  -3   2   1  -3  -3  -1  -2  -1   1    0   0   0   0   0   0   0   0   0   0  98   0   0   2   0   0   0   0   0   0  0.51 0.02
   32 A     4  -1  -1  -2  -1  -1  -1   0  -2  -2  -2  -1  -1  -3  -1   2   0  -3  -2  -1   71   0   0   0   0   0   0   1   0   0   0   0   0   0   0  27   0   0   0   0  0.39 0.02
   33 P    -1  -3  -2  -2  -3  -2  -1  -3  -3  -3  -3  -1  -3  -4   8  -1  -1  -4  -3  -3    0   0   0   0   0   0   0   0   0   0   0   0   0   0 100   0   0   0   0   0  2.13 0.03
   34 N    -1  -3  -1  -3  -1  -3  -3  -3  -3   4   2  -3   1   0  -3  -2   0  -3  -2   2    0   0   5   0   0   0   0   0   0  74   7   0   0   0   0   0   5   0   0   6  0.29 0.02
   35 N     0   3   2   0  -2   0   0  -1   0  -2  -2   1  -1  -2  -1   1   0  -2  -1  -1    3  25  19   2   1   1   2   3   1   2   3   5   1   1   2  21   5   0   1   2  0.18 0.00
   36 T     0   0   0   0  -1   0   0  -1  -1  -1  -1   0  -1  -1   0   2   1  -1  -1  -1    2   1   1   2   1   1   4   2   1   1   3   5   1   1   1  36   6   0   1   2  0.01 0.00
   37 Q    -1   2   0   0  -4   2   2  -2  -1  -3  -3   5  -2  -4  -1   0  -1  -3  -2  -3    0   2   0   0   0   7  12   0   0   0   0  79   0   0   0   0   0   0   0   0  0.52 0.02
   38 G     0  -2  -1  -1  -3  -2  -2   6  -2  -4  -4  -2  -3  -3  -2   0  -2  -3  -3  -3    2   2   0   2   0   0   0  94   0   0   0   0   0   0   0   0   0   0   0   0  1.00 0.02
   39 P    -1  -3  -2  -2  -3  -2  -1  -3  -3  -3  -3  -1  -3  -4   8  -1  -1  -4  -3  -3    0   0   0   0   0   0   0   0   0   0   0   0   0   0  98   2   0   0   0   0  2.08 0.03
   40 E    -1   0   0   1  -4   2   6  -3   0  -4  -3   1  -2  -4  -1   0  -1  -3  -2  -3    0   0   0   0   0   0 100   0   0   0   0   0   0   0   0   0   0   0   0   0  0.82 0.03
   41 K    -1   2   0  -1  -4   1   1  -2  -1  -3  -3   5  -2  -4  -1   0  -1  -3  -2  -3    0   0   0   0   0   0   0   0   0   0   0 100   0   0   0   0   0   0   0   0  0.61 0.03
   42 L    -2  -3  -4  -4  -2  -3  -3  -4  -3   2   4  -3   2   1  -3  -3  -1  -2  -1   1    0   0   0   0   0   0   0   0   0   0  94   0   0   3   0   0   0   0   0   3  0.48 0.02
   43 T     1  -1   0  -1  -1   0   0  -1  -1  -2  -3   0  -2  -3  -1   5   2  -3  -2  -2    0   0   0   0   0   0   0   0   0   0   0   0   0   0   0  94   5   0   0   1  0.49 0.03
   44 S     1  -1   0  -1  -1   0   0   0  -1  -2  -3   0  -2  -3  -1   4   2  -3  -2  -2    0   0   0   0   0   0   0   2   0   2   0   0   0   0   0  92   4   0   0   0  0.47 0.03
   45 Y    -2  -2  -3  -4  -3  -2  -2  -4   2  -2  -1  -2  -1   3  -3  -2  -2   2   8  -2    0   0   0   0   0   0   0   0   0   0   0   0   0   0   0   0   0   0 100   0  1.03 0.04
   46 E    -1   0   0   1  -4   2   6  -3   0  -4  -3   1  -2  -4  -1   0  -1  -3  -2  -3    0   0   0   0   0   0 100   0   0   0   0   0   0   0   0   0   0   0   0   0  0.82 0.03
   47 S     1  -1   0   0  -1   0   0  -1  -1  -3  -3   0  -2  -3  -1   5   1  -3  -2  -2    0   0   0   0   0   0   0   0   0   0   0   0   0   0   0 100   0   0   0   0  0.53 0.03
   48 G     0  -2  -1  -2  -3  -2  -2   6  -2  -4  -4  -2  -3  -4  -3   0  -2  -3  -3  -4    0   2   0   0   0   0   0  98   0   0   0   0   0   0   0   0   0   0   0   0  1.08 0.02
   49 I    -2  -3  -4  -4  -2  -3  -4  -4  -4   5   2  -3   1   0  -3  -3  -1  -3  -2   3    0   0   0   0   0   0   0   0   0 100   0   0   0   0   0   0   0   0   0   0  0.48 0.03
   50 E    -1   0   0   1  -4   2   6  -3   0  -4  -3   1  -2  -4  -1   0  -1  -3  -2  -3    0   0   0   0   0   0 100   0   0   0   0   0   0   0   0   0   0   0   0   0  0.82 0.03
   51 P    -1  -3  -2  -2  -3  -2  -1  -3  -3  -3  -3  -1  -3  -4   8  -1  -1  -4  -3  -3    0   0   0   0   0   0   0   0   0   0   0   0   0   0 100   0   0   0   0   0  2.13 0.03
   52 M    -1  -2  -3  -4  -2  -1  -2  -3  -2   2   2  -1   7   0  -3  -2  -1  -2  -1   1    0   0   0   0   0   0   0   0   0  11   2   2  85   0   0   0   0   0   0   0  0.44 0.03
   53 G     0  -3  -1  -2  -3  -2  -2   6  -2  -4  -4  -2  -3  -4  -3   0  -2  -3  -4  -4    0   0   0   0   0   0   0 100   0   0   0   0   0   0   0   0   0   0   0   0  1.12 0.03
   54 D    -2  -2   1   6  -4  -1   1  -1  -1  -4  -4  -1  -3  -4  -2   0  -1  -5  -4  -4    0   0   1  94   0   0   0   3   0   0   0   0   0   0   0   1   0   0   0   0  0.95 0.03
   55 A     5  -2  -2  -2  -1  -1  -1   0  -2  -2  -2  -1  -1  -3  -1   1   0  -3  -2   0  100   0   0   0   0   0   0   0   0   0   0   0   0   0   0   0   0   0   0   0  0.47 0.03
   56 W    -3  -3  -4  -5  -3  -2  -3  -3  -3  -3  -2  -4  -2   1  -4  -3  -3  12   2  -3    0   0   0   0   0   0   0   0   0   0   0   0   0   0   0   0   0 100   0   0  2.57 0.05
   57 I    -2  -3  -4  -4  -1  -3  -3  -4  -3   2   4  -3   2   1  -3  -3  -1  -2  -1   1    0   0   0   0   0   0   0   0   0   8  84   0   0   1   0   0   0   0   0   7  0.44 0.02
   58 Q    -1   1   0  -1  -3   6   2  -2   0  -3  -3   1  -1  -4  -2   0  -1  -2  -2  -3    0   0   0   0   0 100   0   0   0   0   0   0   0   0   0   0   0   0   0   0  0.78 0.04
   59 F    -3  -3  -4  -4  -3  -4  -4  -4  -2   0   0  -4   0   7  -4  -3  -3   1   3  -1    0   0   0   0   0   0   0   0   0   0   0   0   0 100   0   0   0   0   0   0  0.88 0.03
   60 Q    -2   6  -1  -2  -4   2   0  -3   0  -3  -3   2  -2  -3  -2  -1  -1  -3  -2  -3    0  90   0   0   0  10   0   0   0   0   0   0   0   0   0   0   0   0   0   0  0.77 0.03
   61 I    -2  -3  -4  -4  -2  -3  -4  -4  -4   5   2  -3   1   0  -3  -3  -1  -3  -2   3    0   0   0   0   0   0   0   0   0 100   0   0   0   0   0   0   0   0   0   0  0.48 0.03
   62 R    -2   6  -1  -2   1   1   0  -3  -1  -3  -3   2  -2  -3  -3  -1  -1  -3  -2  -3    0  95   0   0   5   0   0   0   0   0   0   0   0   0   0   0   0   0   0   0  0.78 0.03
   63 Y    -2  -2  -3  -4  -3  -2  -2  -4   2  -2  -1  -2  -1   3  -3  -2  -2   2   8  -2    0   0   0   0   0   0   0   0   0   0   0   0   0   0   0   0   0   0 100   0  1.03 0.04
   64 Y    -2  -2  -3  -4  -3  -2  -2  -4   2  -2  -1  -2  -1   3  -3  -2  -2   2   8  -2    0   0   0   0   0   0   0   0   0   0   0   0   0   0   0   0   0   0 100   0  1.03 0.04
   65 M    -1  -2  -3  -4  -2  -1  -2  -3  -2   1   2  -2   7   0  -3  -2  -1  -2  -1   1    0   0   0   0   0   0   0   0   0   4   0   0  96   0   0   0   0   0   0   0  0.51 0.04
   66 F    -3  -3  -4  -4  -3  -4  -4  -4  -2   0   0  -4   0   7  -4  -3  -3   1   3  -1    0   0   0   0   0   0   0   0   0   0   0   0   0 100   0   0   0   0   0   0  0.88 0.03
   67 A     5  -2  -2  -2  -1  -1  -1   0  -2  -2  -2  -1  -1  -3  -1   1   0  -3  -2   0  100   0   0   0   0   0   0   0   0   0   0   0   0   0   0   0   0   0   0   0  0.47 0.03
   68 L    -2  -3  -4  -4  -2  -2  -3  -4  -3   2   5  -3   2   0  -3  -3  -1  -2  -1   1    0   0   0   0   0   0   0   0   0   0 100   0   0   0   0   0   0   0   0   0  0.52 0.02
   69 V     0  -3  -3  -4  -1  -3  -3  -4  -4   3   1  -3   1  -1  -3  -2   0  -3  -1   5    0   0   0   0   0   0   0   0   0   2   0   0   0   0   0   0   0   0   0  98  0.42 0.02
   70 F    -3  -3  -4  -4  -3  -4  -4  -4  -2   0   0  -4   0   7  -4  -3  -3   1   3  -1    0   0   0   0   0   0   0   0   0   0   0   0   0 100   0   0   0   0   0   0  0.88 0.03
   71 V     0  -3  -3  -4  -1  -3  -3  -3  -4   3   1  -3   1  -1  -3  -2   0  -3  -2   5    2   0   0   0   0   0   0   0   0   0   0   0   0   0   0   0   0   0   0  98  0.41 0.02
   72 I     0  -3  -3  -4  -1  -3  -3  -4  -4   3   1  -3   1  -1  -3  -2   0  -3  -1   4    0   0   0   0   0   0   0   0   0  10   0   0   0   0   0   0   0   0   0  90  0.41 0.02
   73 F    -3  -3  -4  -4  -3  -4  -4  -4  -2   0   0  -4   0   7  -4  -3  -3   1   3  -1    0   0   0   0   0   0   0   0   0   0   0   0   0 100   0   0   0   0   0   0  0.88 0.03
   74 D    -2  -2   1   7  -4  -1   1  -2  -1  -4  -4  -1  -4  -4  -2   0  -1  -5  -4  -4    0   0   0 100   0   0   0   0   0   0   0   0   0   0   0   0   0   0   0   0  1.03 0.03
   75 V     0  -3  -3  -4  -1  -3  -3  -4  -4   3   1  -3   1  -1  -3  -2   0  -3  -1   5    0   0   0   0   0   0   0   0   0   2   0   0   0   0   0   0   0   0   0  98  0.42 0.02
   76 E    -1   0   0   1  -4   2   6  -3   0  -4  -3   1  -2  -4  -1   0  -1  -3  -2  -3    0   0   0   0   0   0 100   0   0   0   0   0   0   0   0   0   0   0   0   0  0.82 0.03
   77 T     0  -1   0  -1  -1  -1  -1  -2  -2  -1  -2  -1  -1  -3  -1   1   5  -3  -2   0    2   0   0   0   0   0   0   0   0   0   0   0   0   0   0   0  98   0   0   0  0.55 0.03
   78 V     0  -3  -3  -4  -1  -3  -3  -4  -4   3   1  -3   1  -1  -3  -2   0  -3  -1   5    2   0   0   0   0   0   0   0   0   2   0   0   0   0   0   0   0   0   0  97  0.41 0.02
   79 F    -3  -3  -4  -4  -3  -4  -4  -4  -2   0   0  -4   0   7  -4  -3  -3   1   3  -1    0   0   0   0   0   0   0   0   0   0   0   0   0 100   0   0   0   0   0   0  0.88 0.03
   80 L    -2  -3  -4  -4  -2  -2  -3  -4  -3   2   5  -3   2   0  -3  -3  -1  -2  -1   1    0   0   0   0   0   0   0   0   0   0 100   0   0   0   0   0   0   0   0   0  0.52 0.02
   81 Y    -2  -2  -3  -4  -3  -2  -2  -4   2  -2  -1  -2  -1   3  -3  -2  -2   2   8  -2    0   0   0   0   0   0   0   0   0   0   0   0   0   0   0   0   0   0 100   0  1.03 0.04
   82 P    -1  -3  -2  -2  -3  -2  -1  -3  -3  -3  -3  -1  -3  -4   8  -1  -1  -4  -3  -3    0   0   0   0   0   0   0   0   0   0   0   0   0   0 100   0   0   0   0   0  2.13 0.03
   83 W    -3  -3  -4  -5  -3  -2  -3  -3  -3  -3  -2  -4  -2   1  -4  -3  -3  12   2  -3    0   0   0   0   0   0   0   0   0   0   0   0   0   0   0   0   0 100   0   0  2.57 0.05
   84 A     5  -2  -2  -2  -1  -1  -1   0  -2  -2  -2  -1  -1  -3  -1   1   0  -3  -2   0   98   0   0   0   0   0   0   0   0   0   0   0   0   0   0   2   0   0   0   0  0.47 0.02
   85 M    -1  -2  -3  -4  -2  -1  -2  -3  -2   1   2  -2   7   0  -3  -2  -1  -2  -1   1    0   0   0   0   0   0   0   0   0   2   3   0  94   0   0   0   0   0   0   1  0.50 0.04
   86 S     1  -1   0  -1  -1   0   0   1  -1  -3  -3   0  -2  -3  -1   5   1  -3  -2  -2    0   0   0   0   0   0   0   6   0   0   0   0   0   0   0  94   0   0   0   0  0.49 0.03
   87 F    -3  -3  -4  -4  -3  -4  -4  -4  -2   0   0  -4   0   7  -4  -3  -2   1   3  -1    0   0   0   0   0   0   0   0   0   0   2   0   0  98   0   0   0   0   0   0  0.85 0.03
   88 N    -2  -2   2   7  -4  -1   1  -2  -1  -4  -4  -1  -4  -4  -2   0  -1  -5  -4  -4    0   0   5  95   0   0   0   0   0   0   0   0   0   0   0   0   0   0   0   0  0.98 0.03
   89 D    -1  -3  -3  -1  -1  -2  -3  -4  -3   3   1  -3   1  -1  -3  -2   0  -3  -2   4    0   0   0   5   0   0   0   0   0  16   3   0   0   0   0   0   0   0   0  76  0.33 0.02
   90 L    -2  -3  -4  -4  -2  -3  -3  -4  -3   2   4  -3   2   1  -3  -3  -1  -2  -1   1    0   0   0   0   0   0   0   0   0   0  95   0   0   2   0   0   0   0   0   3  0.49 0.02
   91 G     0  -3  -1  -2  -3  -2  -2   6  -2  -4  -4  -2  -3  -4  -3   0  -2  -3  -4  -4    0   0   0   0   0   0   0 100   0   0   0   0   0   0   0   0   0   0   0   0  1.12 0.03
   92 L    -1  -3  -3  -4  -1  -3  -3  -4  -4   3   1  -3   1  -1  -3  -2   0  -3  -1   4    0   0   0   0   0   0   0   0   0  15   9   0   0   0   0   0   0   0   0  76  0.37 0.02
   93 S     1  -1   0   0  -1   0   0  -1  -1  -3  -3   0  -2  -3   0   5   1  -3  -2  -2    2   0   0   0   0   0   0   0   0   0   0   0   0   0   2  97   0   0   0   0  0.51 0.03
   94 A     1  -3  -3  -3  -1  -2  -3  -2  -3   2   1  -2   0  -1  -2  -1   0  -3  -2   4   11   0   0   0   0   0   0   3   0   0   2   0   0   0   0   0   0   0   0  85  0.31 0.02
   95 F    -3  -3  -3  -4  -1  -4  -4  -4  -1   0   0  -4   0   7  -4  -3  -2   1   3  -1    0   0   0   0   2   0   0   0   0   0   0   0   0  96   0   0   0   0   2   0  0.84 0.03
   96 I    -1  -3  -4  -4  -1  -3  -3  -4  -4   4   2  -3   2   0  -3  -3  -1  -3  -2   3    0   0   0   0   0   0   0   0   0  79  10   0   3   0   0   0   0   0   0   8  0.41 0.02
   97 E    -1   0   0   1  -4   2   6  -3   0  -4  -3   1  -2  -4  -1   0  -1  -3  -2  -3    0   0   0   0   0   0 100   0   0   0   0   0   0   0   0   0   0   0   0   0  0.82 0.03
   98 A     5  -2  -2  -2  -1  -1  -1   0  -2  -1  -2  -1  -1  -3  -1   1   0  -3  -2   0   98   0   0   0   0   0   0   0   0   0   0   0   0   0   0   0   0   0   0   2  0.45 0.02
   99 L    -2  -3  -4  -4  -2  -3  -3  -4  -2   1   3  -3   1   4  -4  -3  -2  -1   1   0    0   0   0   0   0   0   0   0   0   0  62   0   0  38   0   0   0   0   0   0  0.44 0.02
  100 V    -1  -3  -4  -4  -1  -3  -4  -4  -4   5   1  -3   1   0  -3  -3  -1  -3  -2   3    0   0   0   0   0   0   0   0   0  91   0   0   0   0   0   0   0   0   0   9  0.45 0.02
  101 F    -3  -3  -4  -4  -3  -4  -4  -4  -2   0   0  -4   0   7  -4  -3  -3   1   3  -1    0   0   0   0   0   0   0   0   0   0   0   0   0 100   0   0   0   0   0   0  0.88 0.03
  102 V     0  -3  -3  -4  -1  -2  -3  -4  -4   3   1  -3   1  -1  -3  -2   0  -3  -1   5    0   0   0   0   0   0   0   0   0   0   0   0   3   0   0   0   0   0   0  97  0.41 0.02
  103 F    -2  -3  -4  -4  -2  -3  -3  -4  -3   2   4  -3   2   2  -3  -3  -2  -1   0   1    0   0   0   0   0   0   0   0   0   2  86   0   0  12   0   0   0   0   0   0  0.45 0.02
  104 I    -2  -3  -4  -4  -2  -3  -4  -4  -4   5   2  -3   1   0  -3  -3  -1  -3  -2   3    0   0   0   0   0   0   0   0   0 100   0   0   0   0   0   0   0   0   0   0  0.48 0.03
  105 L    -2  -2  -4  -4  -2  -2  -3  -4  -3   1   4  -3   2   0   0  -2  -1  -2  -1   1    0   0   0   0   0   0   0   0   0   0  94   0   0   0   4   2   0   0   0   0  0.45 0.02
  106 I    -1  -3  -4  -4  -1  -3  -4  -4  -4   5   1  -3   1   0  -3  -3  -1  -3  -2   3    0   0   0   0   0   0   0   0   0  91   0   0   0   0   0   0   2   0   0   7  0.44 0.02
  107 I     0  -3  -3  -4  -1  -3  -3  -2  -3   3   1  -3   1  -1  -3  -2   0  -3  -2   4    2   0   0   0   0   0   0   3   0  10   7   0   0   0   0   0   0   0   0  79  0.33 0.02
  108 G     0  -3  -1  -2  -3  -2  -2   6  -2  -4  -4  -2  -3  -4  -3   0  -2  -3  -4  -4    0   0   0   0   0   0   0 100   0   0   0   0   0   0   0   0   0   0   0   0  1.12 0.03
  109 L    -1  -2  -2  -2  -1  -2  -2  -2  -2   1   3  -2   1   0  -1   1   0  -2  -2   0    0   0   0   0   0   0   0   0   0   0  67   0   0   0   2  31   0   0   0   0  0.23 0.02
  110 V     0  -3  -3  -4  -1  -3  -3  -4  -4   3   1  -3   1  -1  -3  -2   0  -3  -1   4    0   0   0   0   0   0   0   0   0   6   2   0   0   0   0   0   0   0   0  93  0.41 0.02
  111 Y    -2  -2  -3  -4  -1  -2  -2  -4   2  -2  -1  -2  -1   3  -3  -2  -2   2   8  -2    0   0   0   0   2   0   0   0   0   0   0   0   0   0   0   0   0   0  98   0  0.99 0.04
  112 A     5  -2  -2  -2  -1  -1  -1   0  -2  -2  -2  -1  -1  -3  -1   1   0  -3  -2   0   98   0   0   0   0   0   0   0   0   0   0   0   0   0   0   0   2   0   0   0  0.46 0.02
  113 W    -3  -3  -4  -5  -3  -2  -3  -3  -3  -3  -2  -4  -2   1  -4  -3  -3  12   2  -3    0   0   0   0   0   0   0   0   0   0   0   0   0   0   0   0   0 100   0   0  2.57 0.05
  114 R    -2   6  -1  -2  -4   1   0  -3   0  -3  -3   2  -2  -3  -3  -1  -1  -3  -2  -3    0 100   0   0   0   0   0   0   0   0   0   0   0   0   0   0   0   0   0   0  0.86 0.03
  115 K    -1   2   0  -1  -4   1   1  -2  -1  -3  -3   5  -2  -4  -1   0  -1  -3  -2  -3    0   2   0   0   0   0   0   0   0   0   0  98   0   0   0   0   0   0   0   0  0.60 0.03
  116 G     0  -2  -1  -2  -3  -2  -2   6  -2  -4  -4  -2  -3  -4  -3   0  -2  -3  -3  -4    0   1   0   0   0   0   0  99   0   0   0   0   0   0   0   0   0   0   0   0  1.09 0.02
  117 A     5  -2  -2  -2  -1  -1  -1   0  -2  -2  -2  -1  -1  -3  -1   1   0  -3  -2   0  100   0   0   0   0   0   0   0   0   0   0   0   0   0   0   0   0   0   0   0  0.47 0.03
  118 L    -2  -3  -4  -4  -2  -2  -3  -4  -3   2   5  -3   2   0  -3  -3  -1  -2  -1   1    0   0   0   0   0   0   0   0   0   0 100   0   0   0   0   0   0   0   0   0  0.52 0.02
  119 E    -1   0   0   1  -4   2   6  -3   0  -4  -3   1  -2  -4  -1   0  -1  -3  -2  -3    0   0   0   0   0   0 100   0   0   0   0   0   0   0   0   0   0   0   0   0  0.82 0.03
  120 W    -3  -3  -4  -5  -3  -2  -3  -3  -3  -3  -2  -4  -2   1  -4  -3  -3  12   2  -3    0   0   0   0   0   0   0   0   0   0   0   0   0   0   0   0   0 100   0   0  2.56 0.05
  121 S     1  -1   0   0  -1   0   0   0  -1  -3  -3   0  -2  -3  -1   5   1  -3  -2  -2    0   0   0   0   0   0   0   0   0   0   0   0   0   0   0 100   0   0   0   0  0.52 0.03

                      K         Lambda
Standard Ungapped    0.1458     0.3320
Standard Gapped      0.0524     0.2670
PSI Ungapped         0.1713     0.3177
PSI Gapped           0.0524     0.2670
