
Last position-specific scoring matrix computed, weighted observed percentages rounded down, information per position, and relative weight of gapless real matches to pseudocounts
            A   R   N   D   C   Q   E   G   H   I   L   K   M   F   P   S   T   W   Y   V   A   R   N   D   C   Q   E   G   H   I   L   K   M   F   P   S   T   W   Y   V
    1 M    -3  -3  -4  -5  -3  -2  -4  -4  -3   0   1  -3   9  -1  -4  -3  -2  -3  -3  -1    0   0   0   0   0   0   0   0   0   0   6   0  94   0   0   0   0   0   0   0  1.64 0.30
    2 A     6  -2  -3  -3  -2   0  -2  -1  -3  -3  -3  -2  -2  -4  -2   0  -1  -4  -3  -2   92   0   0   0   0   6   0   0   0   0   0   0   0   0   0   2   0   0   0   0  0.95 0.22
    3 S     1  -2  -1  -2  -2  -2  -2  -2  -2  -3  -4  -2  -3  -4  -2   5   2  -4  -3  -3   11   0   0   0   0   0   0   0   0   0   0   0   0   0   0  78  11   0   0   0  0.92 0.24
    4 S     1  -3  -3  -3   2  -1  -3  -3  -1   5   0  -3   0  -2  -3   1  -1  -4  -2   1   13   0   0   0   5   3   0   0   1  57   2   0   1   0   0  15   0   0   0   3  0.47 0.17
    5 S     0  -3  -2  -2  -3  -2  -2  -2  -3  -2  -3  -2   0  -4   5   3   2  -4  -3  -2    4   0   0   0   0   0   0   0   0   2   0   0   4   0  35  37  17   0   0   0  0.84 0.20
    6 I     0  -2  -3  -3   7  -3  -3  -3  -3   2   1  -3   0  -2  -3  -1  -1   0  -2   1    7   2   1   1  40   1   1   1   0  18  10   1   2   1   1   2   1   2   0   9  0.64 0.14
    7 S    -1  -2  -1  -2  -1   0  -2  -2  -1  -2  -2  -2  -2  -3   2   5   3  -4  -3  -2    1   1   0   0   1   4   1   1   1   2   2   1   0   0  10  56  17   0   0   2  0.67 0.26
    8 F    -1  -3  -3  -3   2  -3  -3  -3   0   5   1  -3  -1   0  -3  -1   1  -3  -2   1    4   0   0   0   6   0   1   1   2  54   8   1   0   4   0   3   8   0   0   6  0.52 0.20
    9 S    -1  -3  -2  -3  -4   2  -1  -2   0  -4  -4  -2  -2  -4   6   2   1  -4   0  -3    2   0   0   0   0  10   2   1   2   0   0   0   0   0  46  21  10   0   4   1  1.02 0.29
   10 C     0  -4  -4  -5   9  -3  -4  -4  -1  -1   0  -4  -2   1  -1  -1  -1  -4  -3  -2    6   1   0   0  57   1   0   1   2   4  10   0   0   7   4   3   3   0   0   0  1.36 0.35
   11 A     1   0  -2  -3  -3   0  -2  -3   0   0  -2  -2  -2  -2  -1   1   5  -4   0  -2   13   4   0   0   0   6   0   0   2   8   1   1   0   1   2   9  51   0   4   0  0.55 0.25
   12 P    -1  -2  -3  -3  -3  -2  -3  -3  -1   4   0  -3  -1   2   2   1   2  -3  -2   0    3   1   0   0   0   1   0   1   1  32   8   0   0  12  13  11  14   0   0   3  0.34 0.18
   13 S     1  -2  -1  -2  -3   4  -1  -3   5  -1  -2  -1  -2  -3   0   2   0  -4   0  -2   13   0   2   0   0  26   0   0  19   3   3   2   0   1   5  17   5   0   2   1  0.46 0.23
   14 L     0  -2   0  -3  -1  -2  -3  -3   0   1   3  -1   0   1  -2   1   0  -3  -1   0   11   1   5   0   1   0   0   0   3   8  39   2   0   8   2  11   5   0   0   4  0.20 0.13
   15 A     2  -1   1  -2  -2   0  -2  -2   4  -1  -2  -1  -2  -1   1   3   1  -3  -1  -2   22   1   7   0   0   2   0   0  12   3   2   2   0   3   7  27   9   0   1   1  0.32 0.17
   16 T     1  -1   0  -2  -2  -2  -2  -2   1   2   1  -1  -1   1   0   1   2  -3  -2  -1   11   2   6   0   0   0   0   0   5  15  14   1   0   6   4  16  18   0   0   0  0.16 0.13
   17 S     0   0   0  -2  -1  -1  -1  -1  -2  -3  -2   2  -2  -2   3   3   1  -4  -3  -2    7   5   4   0   1   0   0   4   0   0   3  20   0   1  14  29   9   0   0   2  0.35 0.17
   18 L     1  -1  -1  -2   2  -2  -2  -2  -2  -1   0  -1  -2   0   3   2   2  -3  -2  -1   10   2   1   0   6   0   0   1   1   1  11   2   0   4  17  22  17   0   1   4  0.29 0.15
   19 F     0  -1   0  -2  -2   0  -2  -2  -2   1   1   0   0   2  -1   1   2  -2  -1  -1    9   2   3   0   0   3   1   0   0   9  16   6   1  14   2  17  14   0   0   1  0.13 0.11
   20 S     1  -1   2  -2   1  -1  -2  -2  -1  -3  -3  -1  -3  -2   1   4   2  -4  -2  -2   10   2  11   0   3   1   0   0   1   1   1   1   0   2   7  47  13   0   1   1  0.50 0.24
   21 T     0  -1   1  -2   1  -1  -2   0   0  -2  -2   0  -2   0   1   4   1  -4  -2  -2    7   2   6   1   4   1   0   7   3   1   2   5   0   6   5  43   9   0   0   0  0.33 0.19
   22 T    -1  -1   1  -2   2  -1  -2  -1  -1  -2  -1  -1  -2  -1   3   3   1  -4  -2   1    0   2   9   0   5   2   0   4   1   1   5   1   0   3  13  36   6   0   1  11  0.29 0.17
   23 S     2  -1   0  -2  -3  -1  -1  -1   1  -3  -2  -1  -3  -3   0   4   1  -4  -3  -2   19   3   3   0   0   2   1   3   3   0   2   0   0   1   5  52   5   0   0   1  0.53 0.25
   24 S     0   3  -1  -2   4  -1  -2  -3  -1  -2  -2  -1  -2   0   1   3   0  -3  -2   1    5  23   1   0  11   2   0   0   1   0   0   1   0   5   7  28   5   0   0  12  0.34 0.19
   25 S     1   1  -1  -2  -1   1  -1  -2  -2  -2  -1   0  -2  -1   0   4   2  -4  -3  -1    8   7   1   0   1   5   0   1   0   1   4   4   0   3   5  44  13   0   0   3  0.36 0.20
   26 P     1   0  -2  -2   1   0  -2  -2  -2  -2  -1  -2  -1  -3   5   2   0  -4  -3   1   13   4   1   0   4   3   1   1   1   0   4   0   1   1  29  19   3   0   0  15  0.47 0.18
   27 R    -1   2   0  -2   0   0  -1  -2  -1  -1  -1   0  -1   1   2   2   0  -1  -1   0    3  17   3   0   2   3   3   2   1   2   4   4   0   9  10  25   3   1   0   9  0.17 0.12
   28 L    -1   2   0  -2   1  -1  -1  -2  -1   0   1   2  -1  -2  -1   0   0  -3  -2   1    4  14   5   0   4   1   0   1   2   4  21  20   0   0   2   5   5   0   0  13  0.13 0.10
   29 L     0   0  -3  -3  -1  -1  -2  -2  -3   0   3  -2   0   1  -1   0  -1  -2  -1   0   10   7   0   0   1   3   0   2   0   1  47   0   1   7   3  11   2   0   1   4  0.23 0.14
   30 S     0   3   2  -1   0   1  -1   0  -1  -2  -2   0  -2  -3  -1   3  -1  -4  -3  -1    4  24  11   1   2   5   1   7   1   3   2   1   0   0   2  31   1   0   0   4  0.30 0.16
   31 S     0   1  -1  -2  -1  -1  -2  -2  -2  -3  -2  -1  -3  -3  -1   5   2  -4  -3  -3    4   9   1   0   1   2   0   1   0   0   3   0   0   1   3  65  11   0   0   0  0.68 0.28
   32 R     0   4  -2  -2   1   2   0  -1  -1  -3  -3   1  -3  -4   4   0  -2  -4  -3  -3    8  29   0   0   4  14   2   4   1   1   1   5   0   0  24   7   0   0   0   0  0.58 0.19
   33 F     0  -3  -4  -4  -4  -2  -4  -4  -3  -2  -1  -2  -2   7  -2   0  -3  -1   1  -2    8   1   0   0   0   2   0   0   0   0   4   2   0  73   2   8   0   0   0   0  1.15 0.32
   34 L    -1  -1  -4  -4  -2  -3  -3  -4  -4   2   4  -2   2  -1  -2  -3  -2  -3  -2   1    6   3   0   0   0   0   0   0   0   9  64   3   3   0   2   0   0   0   0  10  0.56 0.20
   35 G     3  -3  -2  -3  -1  -3  -3   5  -2  -4  -4  -3  -3  -4  -2   0  -2  -4  -4  -3   32   0   0   0   1   0   0  60   0   0   0   0   0   0   1   2   0   0   0   1  1.01 0.27
   36 T     0  -1  -1  -2  -2  -2  -2   1  -2   1   0   0   0   2  -2   0   2   0  -1   1    6   2   1   0   0   0   0  12   0   9   7   8   2  14   0   7  18   1   0  11  0.10 0.08
   37 R     0   5  -1  -2  -3   1  -1  -2  -1  -3  -3   1  -1  -4   2   0   1  -4  -3  -2    7  45   1   1   0   6   0   1   1   1   0   6   2   0  10   3  14   0   0   2  0.53 0.19
   38 N    -2   4   2  -2   1   1  -1  -1   0  -2  -2   2  -2  -2  -1   0  -1  -3  -2  -1    1  35  15   0   3   7   0   3   1   2   1  15   0   2   2   6   1   0   0   5  0.38 0.16
   39 L    -1   3   0  -1  -1  -1  -1   0  -2  -1   0   2  -1  -3   1   0  -1  -1  -2   0    2  29   4   2   1   1   0   9   0   1  11  13   0   0   8   8   2   1   0   8  0.22 0.12
   40 K     0   2  -2  -2  -2   1  -1   0  -2   0   2   0   0  -1  -3   0  -1  -3  -2   0    8  13   0   0   0  11   0   7   0   3  35   5   0   1   0  10   1   0   0   6  0.14 0.10
   41 L     0   0  -1  -1  -1   1  -2   4  -2  -2  -1  -1  -2  -2  -1   2  -1   2  -2  -2    6   4   1   4   1   8   0  37   0   0   8   0   0   0   2  19   1   4   1   2  0.32 0.12
   42 R     0   3  -3  -4   3   0  -2  -2  -1  -4  -3   0  -3  -1  -4  -1  -2   9  -1  -3    9  23   0   0   7   3   0   3   1   0   0   6   0   2   0   5   1  39   0   0  1.09 0.26
   43 I     0   0  -3  -3   1  -2  -2  -3  -2   2   2  -1   0   1  -3  -1  -1  -1  -1   2    9   8   0   0   4   0   0   0   1   8  27   2   0   8   0   4   2   0   0  25  0.18 0.09
   44 R    -1   5  -1  -2   0   2  -1  -2  -1  -2  -2   2   0  -3  -2   1   0  -3  -2  -1    1  51   1   0   2   8   0   2   1   0   3   8   3   0   0  10   3   0   0   4  0.50 0.16
   45 P     0  -2  -2   0  -3   2  -1  -1  -1  -1  -1  -1  -2  -3   5   0   0  -3  -3  -2   10   0   0   4   0  16   1   3   1   4   5   1   0   0  40   7   5   0   0   2  0.66 0.14
   46 A     1   0   0  -1   1  -1  -1   0  -2   0   0  -1  -1   0  -1   2   2  -2  -1   0    7   6   3   0   3   1   0   5   0   3   8   0   0   6   2  31  15   0   1   9  0.13 0.08
   47 R     0   5   0  -2  -3   0   0   0  -1  -3  -2   3  -2  -3  -2   0  -1  -3  -2  -2    9  43   2   0   0   1   2   9   0   1   2  22   0   0   0   4   1   0   0   2  0.46 0.13
   48 L    -1   0  -2  -2  -2  -1   0  -3  -2   2   3  -2   1   0  -2  -2  -1  -2  -1   1    5   5   0   0   0   2   9   1   0  18  43   1   0   2   1   1   2   0   0   9  0.21 0.09
   49 G     2   1  -1  -2  -2  -2  -2   5  -2  -3  -3  -1  -2  -3  -2   0  -1  -3  -3  -2   22   9   0   0   1   0   0  54   0   0   1   0   1   0   0   6   1   0   0   2  0.63 0.15
   50 P     0  -2  -2  -2  -3  -2  -1  -1  -3  -2  -2  -1  -2  -3   7   1   0  -4  -3   0    8   1   0   0   0   0   2   3   0   0   2   1   0   0  59  12   3   0   0   7  1.11 0.19
   51 S     2  -1   0  -1   2   0  -1   0  -2  -2  -2   1  -2  -3  -2   3   1  -3  -2  -1   19   1   1   0   5   2   1   7   0   0   1  10   0   0   0  40   8   0   0   3  0.31 0.13
   52 N    -1   1   5   0   1  -1  -1   1  -1  -2  -2  -1  -2  -3  -2   0  -1  -3  -2   1    4  10  44   3   4   0   0   9   0   0   1   0   0   0   0   6   1   0   1  15  0.36 0.14
   53 G     0  -1  -1  -2  -3   1  -1   5  -2  -4  -4  -2  -3  -4   0  -1  -2  -3  -3  -3    6   3   0   0   0   9   4  69   0   0   1   0   0   0   5   0   0   0   0   0  0.86 0.18
   54 S     2   0  -1  -2  -2  -1  -1   1  -2  -2  -2  -1  -2  -3   2   3   0  -3  -2   0   17   6   0   0   0   0   0   8   0   0   2   0   0   0  11  41   3   0   1   8  0.31 0.12
   55 R    -1   5   0  -1  -3   0  -1   1  -1  -2  -1   1  -2  -3  -2   0   1  -3  -2  -2    0  46   2   1   0   0   2  11   0   0   8   7   0   0   0   5  15   0   0   0  0.41 0.14
   56 T     3  -1  -2  -2   4  -1  -1   0  -2   0  -1  -1  -1  -2  -1   1   1   1  -2   1   39   4   0   0  13   0   2   4   0   4   1   0   0   1   1   8  11   2   0  10  0.24 0.10
   57 T     0   4  -1  -1  -3   0  -1  -2  -2  -2  -2   2  -2  -3  -2   0   3  -3  -2  -1    5  33   1   2   0   3   1   0   0   1   0  15   0   0   0   4  32   0   0   5  0.42 0.15
   58 C     3  -2  -3  -3   9  -3  -3  -2  -3  -2  -2  -3  -2  -3  -3   0  -1  -3  -3  -2   28   2   0   0  58   0   0   1   0   0   1   0   0   0   0   5   0   0   0   0  1.21 0.25
   59 W    -3  -4  -4  -5  -3  -3  -4  -4  -3  -2  -1  -4  -2   5  -4  -3  -3  10   2  -3    0   0   0   0   0   0   0   0   0   0   2   0   0  35   0   0   0  60   0   0  1.93 0.23
   60 F    -2  -3  -1  -4  -3  -3  -4  -3  -2  -1  -1  -3  -1   7  -4  -3  -3   5   2  -2    3   0   4   0   0   0   0   0   0   0   0   0   0  81   0   0   0   8   0   0  1.06 0.19
   61 K    -1   2   2  -1  -4   0   0  -2  -1  -3  -3   5  -2  -1   0  -1  -1  -3  -2  -3    0   8  10   0   0   0   0   0   0   0   0  70   0   3   5   1   0   0   0   0  0.60 0.14
   62 F    -3  -3  -3  -4  -3  -3  -4  -4  -2  -1   1  -3   0   7  -4  -3  -3   0   2  -1    0   0   0   0   0   0   0   0   0   0  10   0   0  84   0   1   0   0   0   0  1.05 0.18
   63 G     0  -1  -1  -2   0  -2  -2   6  -2  -3  -3  -2  -3  -3  -2   0  -2  -3  -3  -3    5   4   0   0   3   0   1  76   0   0   1   0   0   0   0   6   0   0   0   1  0.87 0.13
   64 K    -1   1   2  -1  -2   2   0   1  -1  -2  -2   3  -1  -3  -1   1   0  -2  -2  -2    1   6  11   1   0   9   1  11   0   1   2  36   0   1   1  13   4   0   1   1  0.26 0.06
   65 N    -1   0   4   0  -2   0  -1   1  -1  -2  -2   1  -2   0  -2   2   0  -2  -1  -2    1   5  36   1   0   1   1  10   0   1   1   9   0   8   1  20   4   0   0   1  0.28 0.07
   66 G     0   0  -1  -1  -2   0  -1   5  -2  -3  -3   0  -2  -3  -2  -1  -1  -2  -2  -3    1   6   1   1   0   5   1  67   0   1   2   9   0   1   1   1   1   0   1   1  0.67 0.10
   67 V    -1  -2  -2  -1  -2   1   0  -3  -2   1   0   0   0   0   0  -1  -1  -2  -1   3    3   1   0   4   0   8   6   1   0   6   2   5   1   5   4   1   1   0   0  52  0.17 0.08
   68 D    -1  -1   1   5  -3   1   1  -1  -1  -3  -4   0  -3  -4  -2   1  -1  -4  -3  -3    0   0   4  61   0   5   6   2   0   0   1   5   0   0   0  13   0   0   0   0  0.71 0.13
   69 A     4  -2  -2  -2  -2  -1   1   1  -2  -2  -3   0  -2  -3  -2   1  -1  -3  -3  -1   66   0   0   0   0   0   9  10   0   0   0   5   0   0   0  11   0   0   0   0  0.46 0.13
   70 E     0   0   1   1  -3   2   4  -2  -1  -3  -3   2  -2  -4  -2   1  -1  -3  -3  -3    5   0   6   2   0   4  57   0   0   0   0  15   0   0   0  10   1   0   0   0  0.56 0.12
   71 N     0  -1   1   3  -2  -1   0   3  -1  -2  -2   0  -2  -3  -1   1   0  -3  -2  -1    3   1   4  24   0   1   3  34   0   1   1   4   0   1   1  11   3   0   0   6  0.32 0.05
   72 A     4  -1  -1  -1  -1   1   1   0  -1  -2  -2   0  -1  -2  -1   0   0  -2  -2  -1   65   1   1   1   0  10  11   1   0   1   1   1   0   1   1   1   1   0   1   1  0.34 0.08
   73 G     1  -2  -1  -1  -2   0   0   5  -2  -3  -3  -1  -2  -3  -2   0  -1  -2  -2  -2   16   1   1   1   0   6   8  58   0   1   1   1   0   1   1   1   1   0   1   1  0.54 0.07
   74 I    -1  -2  -2  -2  -2  -2  -2  -3  -1   4   0  -2   1   1  -2  -2  -1  -1   4   1    2   1   1   1   0   1   1   2   0  53   2   1   2   1   1   1   1   0  23   5  0.29 0.07
   75 Y    -1  -2  -2  -2  -2  -1  -2  -2   0  -1  -1  -2  -1   2   2  -1  -1   4   6   0    2   1   1   1   0   1   1   2   0   1   2   1   0   8  11   2   1   6  48  10  0.49 0.08
   76 G     0  -1  -1  -1  -2   1  -1   4  -2  -2   0  -1  -1  -2  -1   0   0  -2  -2  -2    8   1   1   1   0   9   1  51   0   1  12   1   0   1   1   1   5   0   1   1  0.36 0.05
   77 S     0  -1   0  -1  -1   0  -1   2   3  -2  -2  -1  -2  -2  -1   3   0  -2  -1  -2    3   1   1   1   0   1   1  14  11   1   2   1   0   1   1  57   1   0   1   1  0.32 0.07
   78 Q    -1   0   0   2  -3   5   2  -2   0  -2  -2   0  -1  -3  -1   0  -1  -2  -2  -2    2   1   1  11   0  61  11   2   0   1   2   1   0   1   1   1   1   0   1   1  0.54 0.10
   79 S     0   0   0  -1  -2   0   0   2   1  -2  -2   1  -2  -2  -1   3   1  -2   0  -2    4   2   2   1   0   1   1  17   5   1   1  13   0   1   1  41   5   0   3   1  0.23 0.05
   80 R    -1   6  -1  -2  -3   1   0   0  -1  -2  -1   2  -1  -2  -2  -1  -1  -2  -2  -2    1  71   1   1   0   3   1   6   0   1   5   3   0   1   1   1   1   0   1   1  0.61 0.10
   81 D    -1  -1   1   5  -3   0   2   1  -1  -3  -3  -1  -2  -3  -1   0  -1  -3  -2  -3    3   1   5  53   0   1  14   9   0   1   1   1   0   1   1   6   1   0   1   1  0.53 0.07
   82 D    -1  -1   1   6  -3   0   2  -1  -1  -3  -3  -1  -3  -3  -1   1  -1  -3  -3  -3    1   1   1  67   0   1   9   1   0   1   1   1   0   1   1  11   1   0   1   1  0.69 0.10
   83 F    -2  -2  -2  -3  -2  -2  -2  -3   0  -1  -1  -2  -1   5  -3  -2  -2   1   6  -1    1   1   1   1   0   1   1   1   0   1   1   1   0  40   1   1   1   0  45   1  0.73 0.11
   84 D    -1  -1   1   4  -2   2   1   1  -1  -2  -3   0  -2  -3  -1   1   0  -3  -2  -2    1   1   3  41   0  13   6  10   0   2   1   1   0   1   1  13   3   0   1   1  0.37 0.06
   85 R     2   3  -1  -1  -2   1   0  -1   1  -2  -2   1  -1  -2   1   0  -1  -2   0  -1   26  32   1   3   0   3   3   1   4   1   1   8   0   1   6   2   2   0   5   1  0.23 0.05
   86 D    -1  -1   2   5  -2   0   1  -1  -1  -2  -3  -1  -2  -3  -1   1  -1  -3  -2  -2    1   1  11  55   0   1   3   1   0   1   1   1   0   1   1  15   1   0   2   3  0.53 0.08
   87 D    -2  -1   1   6  -3   0   2  -1  -1  -3  -3  -1  -3  -3  -1  -1  -1  -3  -3  -3    1   1   6  70   0   1  11   1   0   1   1   1   0   1   1   1   1   0   1   1  0.77 0.10
   88 V    -1  -2  -3  -3  -1  -2  -2  -3  -3   2   0  -2   0  -1  -2  -2   0  -3  -1   5    1   1   1   1   0   1   1   1   0   1   1   1   0   1   1   1   1   0   1  85  0.45 0.11
   89 E    -1   2  -1   1  -3   3   5  -2   0  -3  -2   1  -2  -3  -1   0  -1  -2  -2  -2    1  11   1   1   0  13  61   2   0   1   1   1   0   1   1   1   1   0   1   1  0.55 0.09
   90 Q     0   0   0   1  -3   5   1  -2   2  -3  -2   1  -1  -2  -1   0  -1  -2   1  -2    6   1   1   6   0  63   1   1   6   1   1   6   0   0   1   1   1   0   6   1  0.44 0.07
   91 Y    -1  -1  -1   2  -2  -1   0  -2   0   0  -1  -1  -1   1  -1  -1  -1   0   4   0    2   1   1  22   1   1   2   2   1   1   3   2   1   1   2   2   2   0  38  14  0.20 0.01
   92 F    -1  -1  -1  -2  -2  -1  -1  -2   0  -1   0  -1   0   4  -1  -1  -1   1   5  -1    3   2   1   2   1   1   2   2   1   2   3   2   1  35   2   2   2   0  34   2  0.32 0.00
   93 N    -1   0   4   1  -2   0   1   0   0  -2  -1   0   0  -2  -1   0   0  -2  -1  -1    3   2  45   5   1   2  11   3   1   2   4   2   5   2   2   3   2   1   1   3  0.24 0.02
   94 Y    -1  -1  -1  -1  -2  -1  -1  -1   2  -1  -1  -1  -1   2  -1  -1  -1   1   6  -1    3   2   2   2   1   2   3   3   6   2   4   2   1   2   2   3   2   1  55   3  0.38 0.04
   95 M    -1  -1  -2  -2  -1   0  -1  -2  -1   0   1  -1   6  -1  -2  -1   1  -1  -1   0    2   1   1   1   0   4   2   2   1   1   2   1  65   1   1   2  10   0   1   2  0.36 0.09
   96 G     0  -1  -1  -1  -2  -1  -1   5  -2  -3  -3   0  -2  -2  -1   0  -1  -2  -2  -2    2   1   1   1   0   1   2  72   1   1   2   7   1   1   1   2   1   0   1   2  0.67 0.06
   97 M    -1  -2  -2  -2   1  -1  -2  -2  -2   2   1  -2   4   0  -2  -1  -1  -1  -1   2    2   1   1   1   3   1   2   2   1  21   4   1  34   4   1   2   1   0   1  17  0.18 0.04
   98 L    -1  -2  -2  -3  -1  -2  -2  -3  -2   1   3  -2   1   1  -2  -2  -1  -1  -1   2    2   1   1   1   0   1   1   2   0   1  58   1   0   8   1   2   1   0   1  17  0.25 0.05
   99 A     4  -1  -2  -2  -1  -1  -1  -1  -2  -1   1  -1   0  -2  -1   0   0  -2  -2   0   67   1   1   1   0   1   1   2   0   1  16   1   0   1   1   1   1   0   1   1  0.31 0.08
  100 V     0   0  -1   0  -1   0   0  -2  -1   1  -1   1   0  -1  -1   0   0  -2  -1   2   10   7   1   6   0   1   7   2   0   1   2  10   1   1   1   5   6   0   1  38  0.07 0.04
  101 E     1   0  -1   1  -2   1   4  -1  -1  -2  -2   2  -2  -3  -1   0  -1  -2  -2  -2   20   1   1   8   0   1  44   1   0   1   2  15   0   1   1   1   1   0   1   1  0.35 0.07
  102 G     0  -2  -1  -2  -3  -2  -2   5  -1  -3  -3  -2  -2  -1  -2  -1  -2  -1   2  -3    1   1   1   1   0   1   1  75   0   1   1   1   0   1   1   1   1   0  12   1  0.82 0.11
  103 T     0  -1   1  -1   2  -1  -1   1  -2  -1  -2  -1  -1  -2  -1   2   4  -2  -2  -1    1   1   6   1   5   1   1  13   0   5   1   1   0   1   1  17  44   0   0   1  0.28 0.07
  104 Y    -1   1   0  -2  -2  -1  -2   1   1  -2  -1  -1   1   1  -2  -1  -1   0   5  -2    1  13   5   1   0   1   1  15   3   1   1   1   9   1   1   1   1   0  44   1  0.37 0.09
  105 S    -2  -2   2   6  -4  -1   2  -2  -2  -4  -4  -1  -3  -4   2   0  -2  -4  -3  -3    2   0  10  61   0   0  10   1   0   0   1   0   0   0   9   3   0   0   0   0  0.86 0.21
  106 K    -2   4  -1  -2  -4   2   0  -1  -1  -4  -3   5  -2  -4  -2  -1  -2  -3  -3  -3    1  26   0   0   0   6   0   5   0   0   1  58   0   0   0   0   0   0   0   0  0.76 0.23
  107 M    -2  -3  -3  -4   1  -2  -3  -4  -3   1   1  -3   7  -1   2  -2  -2  -3  -2   1    1   0   0   0   4   0   0   0   0   8   5   0  59   0  12   0   0   0   0   8  0.79 0.28
  108 E    -1  -1   2   2  -3   0   4  -2   0  -1  -2   0  -2  -2  -2  -1   0  -3   0   1    1   0  10  10   0   0  43   0   1   0   1   5   0   0   0   0   3   0   4  19  0.36 0.16
  109 A     4  -1  -1  -1  -2   0   0   0  -2  -2  -2   1  -2  -3  -1   1  -1  -3  -2  -1   62   1   1   2   0   2   6   3   0   1   1  12   0   1   1   5   2   0   0   1  0.42 0.17
  110 L    -2  -2  -3  -3  -2  -2  -3   0  -3   0   4  -2   4  -1  -3  -2  -2  -2  -2   0    1   1   1   1   0   1   1   9   0   1  65   1  15   1   1   1   1   0   0   1  0.51 0.18
  111 L    -2  -2  -3  -3  -2   1  -2  -3  -3   1   4  -2   3  -1  -3  -1  -1  -2  -2   0    1   1   0   1   0   7   1   1   0   4  59   1  12   0   1   7   1   0   0   4  0.45 0.20
  112 N     1  -1   3   0  -1   0   1   1  -1  -3  -2   0  -2  -3   1   1  -1  -3  -2  -2   11   2  24   3   2   0  13   9   0   1   4   6   0   0   7  16   1   0   0   1  0.24 0.11
  113 L     0  -1   1  -1  -2   3   1  -2  -1  -1  -1  -1   1  -1  -2   1   1  -2   1   0   10   1  10   1   0  21   7   1   0   1   6   1   6   0   1  12   9   0   7   7  0.15 0.11
  114 N     0  -1   1   0  -2  -1   1   4  -1  -3  -3   1  -2  -3  -2   1   0  -3  -2  -2    6   1   9   4   0   0  10  37   0   1   1  12   0   0   1  11   6   0   0   1  0.36 0.12
  115 I    -1  -1   0  -2  -2  -1  -2   0   0   3   1  -1   1  -1  -2  -1   0  -2  -2   1    4   3   7   1   0   0   1   8   4  33  13   5   6   0   1   1   4   0   0   9  0.11 0.09
  116 H     1   1  -1   1  -3  -1   0  -2   7   0  -2  -1  -2   1   1  -1  -2  -3   0  -2   13   7   0   8   0   0   5   1  40   8   1   1   0   6   7   1   1   0   0   1  0.46 0.20
  117 P     0  -2  -2   2   3  -1   1  -2   1  -1  -3  -2  -2  -3   6  -1  -2  -3  -2  -2    7   1   0  15   8   0   8   1   6   7   1   1   0   0  43   1   1   0   0   1  0.76 0.20
  118 V     1  -3  -3  -4   0  -3  -3  -3  -4   3   1  -3   0  -1  -3  -2  -1  -3  -2   4   13   0   0   0   2   0   0   0   0  20   8   0   0   0   0   0   0   0   0  57  0.46 0.12
  119 D    -3  -2   3   7  -4  -1   0  -2  -2  -4  -5  -2  -4  -5  -3  -1  -2  -5  -4  -4    0   0  18  82   0   0   0   0   0   0   0   0   0   0   0   0   0   0   0   0  1.31 0.21
  120 I     1  -3  -3  -3   1  -3  -3  -3  -3   4   1  -3   0  -1  -3  -2   0  -3  -2   2   16   0   0   0   4   0   0   0   0  53   8   0   0   0   0   0   8   0   0  11  0.37 0.10
  121 L    -1  -3  -3  -3  -2  -2  -1  -4  -3   2   4  -2   1  -1   2  -2  -2  -3  -2   1    5   0   0   0   0   0   6   0   0  11  60   0   0   0  13   0   0   0   0   5  0.41 0.10
  122 L    -2  -3  -4  -5  -2  -3  -4  -5  -4   1   5  -4   1  -1  -4  -3  -2  -3  -2   0    0   0   0   0   0   0   0   0   0   3  94   0   0   0   0   0   0   0   0   3  0.90 0.19
  123 M    -2   0  -3  -4  -2  -2  -3  -4   4   1   3  -2   5  -1  -3  -2  -2  -3  -1   0    0   5   0   0   0   0   0   0  18   8  35   0  30   0   0   0   0   0   0   4  0.48 0.14
  124 L    -1  -2  -3  -3  -2  -2  -3  -3  -2   1   3  -1   3   2  -3  -1  -1  -1   2   0    2   0   0   0   0   0   0   0   0   9  44   5  17   8   0   6   0   0   9   0  0.33 0.10
  125 A     6  -3  -3  -3  -2  -2  -2  -1  -3  -2  -2  -2   1  -3  -2   0  -1  -4  -3  -1   94   0   0   0   0   0   0   0   0   0   0   0   6   0   0   0   0   0   0   0  0.90 0.22
  126 A     5  -2  -2  -2   2  -2  -2  -1  -2  -2  -1  -2  -2  -3  -2   2   0  -3  -3  -1   70   0   0   0   6   0   0   0   0   0   4   0   0   0   0  18   1   0   0   0  0.60 0.17
  127 T     0   0   0  -1  -2   1   0   0   2  -2   0   1  -1   0  -2   2   1  -1  -1  -2    5   3   1   0   0   9   5   6   6   0  10   8   0   4   0  33   8   1   0   0  0.16 0.07
  128 E    -2  -1   3   1  -5   2   6  -3  -1  -4  -4   0  -3  -4  -2  -1  -2  -4  -3  -4    0   0  18   4   0   5  74   0   0   0   0   0   0   0   0   0   0   0   0   0  0.98 0.20
  129 G    -1  -3   3  -1  -3  -2  -2   6  -2  -5  -5  -2  -3  -4  -3   0  -2  -4  -4  -4    0   0  23   0   0   0   0  71   0   0   0   0   0   0   0   6   0   0   0   0  1.07 0.18
  130 D    -3  -2   2   6  -4  -1   1  -2   3  -4  -5  -2  -4  -4  -3  -1  -2  -5  -3  -4    0   0  11  72   0   0   6   0  10   0   0   0   0   0   0   0   0   0   0   0  1.12 0.20
  131 R     0   1  -1   0  -2   1   0  -2  -2   0   0   3  -1  -2  -2  -1   1  -3  -2   0    5   2   0   5   0   6   0   0   0   5  10  41   1   0   0   1  15   0   0   8  0.22 0.09
  132 P    -2   0  -2  -1  -4   1   3  -1  -2  -4  -4   0  -3  -4   6  -1  -1  -4  -3  -3    0   6   0   0   0   5  27   3   0   0   0   3   0   0  54   1   1   0   0   0  1.15 0.17
  133 K     0   2  -1  -2  -3   0  -1   0  -2   0  -2   5  -2  -3  -2  -1  -1  -4  -3   0    5   6   0   0   0   0   0   6   0  10   0  64   0   0   0   0   0   0   0   8  0.49 0.15
  134 I    -2  -4  -4  -4   1  -3  -4  -4  -4   4   1  -3   1  -1  -3  -3  -1  -3  -2   4    0   0   0   0   3   0   0   0   0  44   5   0   2   0   0   0   0   0   0  45  0.64 0.15
  135 E    -1  -1   1   1  -4   3   5  -2  -1  -4  -4   1  -3  -4  -2  -1  -1  -4  -3  -3    2   0   6   4   0  16  60   1   0   0   0   9   0   0   0   0   3   0   0   0  0.75 0.16
  136 E     0  -1  -1   1  -3   0   5  -3  -1  -3  -1  -1  -2  -3  -2   0   1  -4  -3  -2    6   0   0   4   0   0  66   0   0   0   9   0   0   0   0   5  10   0   0   0  0.63 0.16
  137 L    -3  -4  -5  -5  -2  -3  -4  -5  -4   2   5  -4   1  -1  -4  -4  -2  -3  -2   1    0   0   0   0   0   0   0   0   0   7  88   0   0   0   0   0   0   0   0   5  0.96 0.22
  138 L    -2  -3  -4  -5  -2  -3  -4  -5  -4   3   4  -3   3  -1  -4  -3  -2  -3  -2   1    0   0   0   0   0   0   0   0   0  23  65   0   8   0   0   0   0   0   0   4  0.76 0.18
  139 K     1   4   1   0  -3   0   1  -2  -1  -4  -3   3  -2  -4  -2   1  -1  -4  -3  -3   12  40   8   4   0   0   8   1   0   0   0  18   0   0   0   8   0   0   0   0  0.50 0.14
  140 A     5  -3  -3  -3   1  -2  -1  -1   0  -2  -3  -2  -2  -3  -2   0  -1  -4  -3   0   83   0   0   0   3   0   4   0   3   0   0   0   0   0   0   2   0   0   0   6  0.81 0.24
  141 G    -1  -3  -2  -3  -4  -3  -2   7  -3  -5  -5  -1  -4  -5  -4  -2  -3  -4  -5  -5    0   0   0   0   0   0   3  95   0   0   0   3   0   0   0   0   0   0   0   0  1.62 0.28
  142 A     6  -3  -3  -3  -2  -2  -2  -1  -3  -3  -3  -2  -2  -4  -2   0   0  -4  -3  -2   94   0   0   0   0   0   0   0   0   0   0   0   0   0   0   0   6   0   0   0  1.08 0.28
  143 D    -2   0   3   5  -2  -1   0  -2  -2  -3  -4   2  -2  -4  -2   0   0  -5  -3  -3    0   4  17  49   1   0   0   0   0   0   1  14   1   0   0   6   6   0   0   0  0.68 0.17
  144 Y     0  -3   0  -3   0  -2  -3  -2  -1   0  -1  -2  -1   1   3  -2  -2  -1   5   2    6   0   6   0   2   0   0   1   0   5   4   2   0   2  18   0   0   0  34  21  0.46 0.15
  145 S    -2  -1   5   3  -3  -1  -1  -1  -1  -4  -4  -1  -3  -3  -3   1   2  -4  -1  -3    0   1  40  23   0   0   0   3   0   0   0   1   0   0   0  11  17   0   3   0  0.63 0.17
  146 V     0  -3  -3  -4  -1  -3  -3  -4  -3   2   1  -2   0   0  -3  -2   0  -3   1   4    6   0   0   0   1   0   0   0   0  12   6   3   1   4   0   0   3   0   5  59  0.47 0.15
  147 K    -2   4  -1  -2  -4   1   0  -3  -2  -3  -3   5  -1  -4  -3  -2  -1  -4  -3  -2    1  23   0   0   0   4   1   0   0   1   1  65   1   0   0   0   2   0   0   2  0.88 0.22
  148 D    -3  -3   2   7  -4  -2   0   0  -2  -4  -4  -2  -4  -4  -3   0  -2  -5  -4  -2    0   0   7  76   0   0   0   8   0   0   0   0   0   0   0   5   0   0   0   4  1.16 0.24
  149 A     2  -1   0  -1  -2  -1   0   1  -1   1   0   0   0  -2  -2   0   0  -3  -2   0   27   3   6   0   0   0   9   9   1  10  11   3   2   0   1   6   6   0   0   6  0.09 0.05
  150 D    -2  -2   1   6  -4  -1   2  -2  -2  -3  -4   0  -4  -4  -3  -1  -2  -5  -4  -1    3   0   5  70   0   1  10   1   0   0   1   4   0   0   0   0   0   0   0   6  1.02 0.22
  151 G    -1   1  -2  -3  -4  -3  -2   6  -3  -5  -5  -2  -4  -5  -4  -2  -3  -4  -4  -5    0  10   0   0   0   0   2  89   0   0   0   0   0   0   0   0   0   0   0   0  1.45 0.25
  152 R    -2   5   1  -1  -2   0  -1  -3  -2  -4  -3   4  -2  -4  -3  -2  -2  -4  -3  -2    0  52   8   3   1   1   0   0   0   0   1  31   0   0   0   0   0   0   0   2  0.82 0.20
  153 T    -1  -2   0  -2  -2  -1  -2  -3   0   0  -1  -2  -2  -3  -1   1   6  -4  -3  -1    0   1   4   0   0   1   0   0   3   7   3   0   0   0   1   5  75   0   0   0  0.82 0.24
  154 A     4  -3  -3  -3  -2  -2  -2  -2  -3  -2  -3  -2  -2  -3   5   0  -1   1  -3   0   58   0   0   0   0   0   0   0   0   0   0   0   0   0  28   4   0   3   0   7  0.81 0.21
  155 I    -2  -1  -4  -4  -2  -3  -3  -4  -3   2   4  -2   2   0  -4  -3  -2  -3  -2   2    2   5   0   0   0   0   0   0   0   9  62   2   6   3   0   0   0   0   0  12  0.52 0.15
  156 D    -2  -2   0   6  -5   0   3  -1   3  -4  -4  -2  -2  -4  -3  -1  -2  -5  -3  -4    1   0   0  64   0   1  21   3   9   0   0   0   1   0   0   0   0   0   0   0  1.07 0.23
  157 R    -2   4  -3  -3  -3  -1  -2  -4  -2   1   3   1   0  -1  -3  -2  -2   2   0   0    0  37   0   0   0   1   0   0   0   9  40   6   0   0   0   0   0   3   2   2  0.45 0.16
  158 A     5  -3  -2  -3   0  -2  -2  -1  -3   0  -2  -2  -2  -3  -2   0   1  -4  -3  -1   78   0   0   0   1   0   0   0   0   6   0   0   0   0   0   2  10   0   0   1  0.72 0.22
  159 N     2   0   1  -1  -1   0   0  -1  -2  -1  -2  -1  -1  -2   0   1   3  -3  -2   0   30   4   7   1   0   4   3   3   0   1   1   1   0   0   4   7  25   0   0   7  0.22 0.09
  160 S     0   0   4   2   1   0  -1  -1  -1  -3  -2   1  -2  -3  -2   2   0  -4  -3  -3    5   3  34  10   4   3   0   1   0   0   3  12   0   0   0  21   3   0   0   0  0.39 0.13
  161 E    -1  -1   0   5  -4   0   4  -2  -2  -4  -4   1  -3  -4   2  -1   0  -4  -3  -3    5   0   0  39   0   1  32   1   0   0   0   8   0   0   9   0   4   0   0   0  0.71 0.18
  162 E    -2  -1   1   1  -4   0   6  -2  -2  -1  -3   0  -3  -4  -3  -1  -2  -4  -3  -1    0   0   8   3   0   0  70   2   0   6   2   3   0   0   0   2   0   0   0   4  0.79 0.22
  163 I    -2  -3   1  -3  -2  -3  -3  -4  -3   5   1   0   0  -2  -3  -2   0  -4  -2   3    0   0  10   0   0   0   0   0   0  57   6   7   0   0   0   0   3   0   0  17  0.53 0.18
  164 R    -1   5  -2  -2  -4   0  -1  -3  -2  -1  -2   5  -2  -4  -3  -2  -2  -4  -3  -1    2  35   0   0   0   0   0   0   0   4   2  51   0   0   0   0   0   0   0   6  0.74 0.20
  165 D    -1   0   1   5  -4   2   3  -2  -1  -4  -4   1  -3  -4  -2  -1   1  -4  -3  -3    2   3   5  39   0  12  24   0   0   0   0   6   0   0   0   0  11   0   0   0  0.62 0.15
  166 L    -1  -3  -4  -4  -2  -3  -4  -4  -3   0   3  -3   3   4  -4  -3  -1  -2   0   1    3   0   0   0   0   0   0   0   0   0  46   0  11  30   0   0   3   0   1   7  0.57 0.16
  167 I    -2  -4  -4  -4  -2  -3  -4  -5  -4   5   3  -4   1  -1  -4  -3  -2  -3  -2   2    0   0   0   0   0   0   0   0   0  55  36   0   1   1   0   0   0   0   0   7  0.72 0.17
  168 L    -1  -1  -3  -1  -2   1  -2  -3  -3   0   4  -1   1  -1  -3  -2  -1  -3  -2   0    5   3   0   3   0  11   0   0   0   0  67   3   0   0   0   2   1   0   0   5  0.36 0.12
  169 G    -1  -1   3   1  -3   2   2   3  -1  -4  -4   1  -2  -4  -2   0  -1  -3  -3  -3    0   0  23   5   0  12  16  31   0   0   0   7   1   0   0   6   0   0   0   0  0.46 0.10
  170 Y     1  -2  -3  -3  -2  -3  -3  -2  -2   0   1  -2   0   5  -3  -1  -2   0   3  -1   19   1   0   0   0   0   0   1   0   3  13   1   0  49   0   4   0   0   8   0  0.46 0.11
  171 S     1  -1   0  -1  -2   0   1  -1  -2  -1   0   0  -1  -2  -1   3   0  -3  -2  -1   14   0   1   0   0   1  15   0   0   4  11   4   0   0   0  47   2   0   0   3  0.26 0.09
  172 T     2  -2  -2  -2  -2   0   0  -2  -2   0  -1  -1  -1  -2   2   0   1  -3  -2   3   29   0   0   0   0   4   5   0   0   0   0   1   0   0  13   2  11   0   0  36  0.27 0.09
  173 Q    -1   2  -1  -1  -4   6   1  -3  -1  -2  -3   2  -2  -4  -1   0   0  -3  -2  -3    2   7   0   0   0  57   5   0   0   2   0  17   0   0   1   3   6   0   0   0  0.67 0.14
  174 K    -2   4  -1  -2  -4   1   0  -3  -1  -3  -2   5  -1  -4  -2  -1  -1  -4  -2  -1    0  22   0   0   0   5   0   0   0   0   2  65   1   0   0   0   1   0   0   5  0.67 0.14
  175 A     5  -2  -2  -2  -1  -1  -1   1  -2  -2  -2  -1  -2  -3  -1   1   0  -3  -2  -1   85   0   0   0   0   0   0   7   0   0   0   0   0   0   0   8   0   0   0   0  0.55 0.09

                      K         Lambda
Standard Ungapped    0.1316     0.3158
Standard Gapped      0.0396     0.2670
PSI Ungapped         0.1293     0.3170
PSI Gapped           0.0396     0.2670
